382 504 859 2619 2563 1554 4005 3974 4783 1090 632 1131 2419 3848 0 0 0 3729 1790 0 0 423 1284 634 0 +1360+508
0 0 0 3001 3433 1512 3673 4775 4075 2344 1748 1581 3099 4482 32 349 1292 2932 2242 0 0 119 813 808 0 +1363+497
156 470 63 3243 2731 1775 2809 6399 3495 397 1220 2190 3373 4201 0 0 0 1688 1654 0 0 0 906 0 0 +1515+519
0 0 0 97 1239 1561 5018 4384 6966 1473 3249 2440 5582 3215 0 153 746 5077 1457 0 0 724 1473 0 0 +1607+566
157 1244 709 1425 2779 1781 3703 3756 3076 2537 1806 1976 1562 5241 319 857 562 565 2699 0 0 0 520 0 0 +1289+526
309 804 186 2694 3221 2301 3397 4672 4131 2145 1673 2292 2574 3713 81 0 79 3046 3207 0 0 0 877 949 0 +1407+528
50 1899 526 2416 2637 3188 3403 3769 8357 834 1170 448 4372 4065 0 0 561 5927 796 0 0 107 1420 0 0 +1558+586
0 0 0 130 1531 1380 4748 3486 4394 2412 1251 3597 3393 1104 0 1215 1118 370 1091 0 0 0 0 0 0 +1401+533
0 564 1221 4676 1168 392 5886 6091 5501 102 548 2721 4242 3483 0 0 1838 2505 1135 0 0 26 22 1324 0 +1742+586
316 1269 2 1839 2869 2576 4415 4360 5186 154 2185 1178 4526 1396 0 0 1227 3455 0 0 0 1888 0 0 0 +1395+585
0 180 0 2048 2224 1538 4356 4703 4872 1204 1334 2499 3588 3916 0 877 481 4286 1696 0 0 871 1130 1018 0 +1389+553
44 823 269 3029 2207 1653 4449 5497 4655 1 1636 2034 3796 1846 0 0 0 3540 3332 0 0 0 1316 1098 0 +1511+551
0 996 1246 1400 2699 1401 423 454 3898 4588 1225 0 0 1894 2824 492 1218 875 2548 1820 0 228 0 463 916 +922+805
0 312 1084 1007 902 1573 2616 1510 1760 8743 1659 738 0 1256 6968 0 1483 1349 1530 2055 0 0 0 0 1453 +1327+967
0 152 1456 1206 2726 1767 2922 1379 1851 6925 1733 0 0 3134 4431 820 1243 1066 1895 1448 0 0 0 731 1090 +1214+858
0 0 0 725 1050 63 2713 2911 3048 5234 1572 46 0 2227 4178 1472 1196 309 3048 2586 0 465 744 0 1127 +1134+915
0 0 372 1221 1230 1595 3001 2513 2560 8179 1790 0 0 4257 4269 580 1339 1268 1421 1884 0 0 0 132 975 +1249+911
0 0 0 0 923 379 1366 1917 3181 5204 2113 1433 1050 1500 5849 1044 1416 675 3995 3883 0 413 402 0 1109 +1245+909
0 0 0 477 1799 1691 2305 2881 6416 7051 2237 0 0 3768 5639 287 1742 1224 1574 2790 0 0 0 0 1552 +1645+900
0 0 0 0 1338 1532 3052 2938 3143 7323 2385 0 0 1796 7569 248 1645 1326 1490 3400 0 0 0 0 1339 +1536+895
0 0 0 0 1238 950 2586 2421 3948 4825 2721 68 0 1506 7270 0 1467 1296 956 2980 0 0 0 0 2004 +1593+804
0 23 1199 817 2314 1918 2245 1331 2381 7692 1715 0 0 3302 4641 627 1779 925 1341 1343 0 0 0 0 1790 +1316+819
0 0 0 0 1231 134 1658 2868 3405 5761 2642 1124 0 3042 3845 1821 0 0 3320 1913 83 1665 985 762 1716 +1226+875
0 0 1041 901 1960 1463 2831 1723 1510 6447 2160 0 0 1967 6840 1312 1289 440 1478 3744 0 341 596 3 981 +1436+869
0 0 0 569 1045 0 679 2324 2124 992 0 451 1985 655 0 5 1326 0 0 0 563 105 0 0 0 +878+457
0 0 0 59 1223 0 76 1368 3012 295 0 665 2236 885 0 39 1331 0 0 0 803 52 0 0 0 +951+540
0 0 0 312 1189 0 425 2110 1090 1043 161 1586 1237 1446 0 247 1108 0 0 0 768 0 0 0 0 +870+567
0 0 0 0 0 0 682 1640 1652 1156 0 633 1712 58 0 110 1198 0 0 0 639 0 0 0 0 +823+556
0 0 0 489 1676 0 276 1642 2013 933 0 1086 880 0 0 271 1412 0 0 0 777 0 0 0 0 +1150+637
0 0 0 107 1799 0 423 1673 2347 337 0 2256 1690 0 0 308 1340 0 0 0 1033 0 0 0 0 +1109+693
0 0 0 239 1184 0 710 2151 1691 863 0 619 753 0 0 300 1063 0 0 0 715 0 0 0 0 +897+552
0 0 0 291 897 0 116 1271 887 753 246 1596 1532 1061 0 250 916 205 0 0 607 0 0 0 0 +745+513
0 0 0 160 773 0 0 282 1067 943 0 507 1208 299 784 430 1742 806 939 0 0 476 0 0 0 +649+504
0 0 0 251 1287 0 0 732 1098 989 47 2357 2185 1340 0 258 1018 47 64 0 673 0 0 0 0 +883+645
0 0 0 255 1032 0 934 1938 1957 735 86 1014 1538 1158 0 160 1108 6 0 0 723 0 0 0 0 +863+586
0 0 738 1115 1395 0 809 2230 3111 562 0 947 519 56 0 422 1185 0 0 0 728 0 0 0 0 +1029+561
432 265 349 82 0 91 1732 2669 1310 0 0 1233 2413 381 0 0 1336 3203 522 912 0 743 1401 536 539 +706+423
288 924 752 294 0 0 1564 2435 1056 0 0 728 1663 247 0 0 1414 2660 1130 494 0 511 1739 405 417 +722+362
343 707 886 29 0 118 2138 2586 534 0 0 1097 2119 155 0 115 1493 2510 384 528 82 651 1104 449 229 +704+367
32 521 270 0 0 143 2426 2495 1087 0 0 676 2233 1707 0 20 1297 2858 1637 268 0 204 1809 921 690 +715+400
213 531 662 0 0 553 2264 2378 1103 0 343 1166 1945 780 0 0 543 2419 1725 436 0 637 1638 1082 532 +739+360
399 1260 901 391 0 0 1278 3005 2000 0 0 1327 2664 544 0 0 1207 3643 1402 982 0 0 191 262 66 +781+414
426 989 598 204 0 2 1917 2546 1421 0 0 915 2251 1718 72 0 1023 2430 1570 322 0 507 1414 699 551 +726+374
152 806 621 222 0 0 1437 2723 1809 0 0 431 1816 1001 0 224 1462 1867 1438 488 82 630 1244 630 417 +693+354
312 426 607 406 0 28 2317 2427 1541 0 0 302 1980 1079 0 19 1394 2420 1023 535 0 473 1258 530 478 +645+360
192 385 680 309 0 263 2532 2256 1591 0 366 738 2485 537 0 45 1284 2757 953 232 0 427 1424 566 563 +691+368
206 498 587 15 0 475 2049 1723 1060 0 0 1300 2182 608 0 50 1474 2511 917 384 0 1232 1042 709 405 +604+375
46 845 596 0 0 461 1847 1778 1352 0 0 642 2303 580 0 0 1151 2600 1439 283 0 1057 1025 742 552 +663+375
0 470 3969 1549 0 2002 5176 4797 5438 313 185 1734 3571 4058 1596 0 97 4578 1923 0 0 0 1956 939 0 +1516+692
162 1709 3719 2207 0 1341 4418 5506 4444 3255 0 656 4213 1444 1629 0 8 3253 283 1587 0 0 1203 1402 0 +1508+572
64 854 2790 2741 35 791 4089 2769 4741 761 0 243 1341 4549 1082 0 326 3732 1440 0 0 0 1588 403 0 +1456+539
0 771 2477 22 0 1349 6101 6495 3584 0 23 1468 4386 3889 696 0 1328 3760 2531 0 0 0 3028 146 0 +1592+609
0 781 3629 1234 0 1754 4487 5991 5491 595 0 627 2727 3977 745 0 190 3747 1612 0 0 0 1548 1103 0 +1374+647
0 430 2624 2683 0 1580 3649 4732 5018 1227 0 963 3882 3549 714 0 738 3655 1736 0 0 112 1870 943 0 +1534+591
0 1130 3140 1805 0 1787 6637 5469 3237 489 414 892 4637 2067 770 0 899 3252 1408 0 0 541 1783 0 0 +1538+593
0 484 1804 2664 82 1019 2894 5087 3529 1648 0 1100 3912 3726 583 0 139 3429 1854 0 0 285 1096 517 0 +1503+513
0 878 2585 2396 0 351 4024 4413 6496 2509 0 178 2354 5054 455 0 294 3043 1847 0 0 0 1770 865 0 +1529+575
0 304 1998 2770 0 744 3401 3775 3188 235 297 1290 3940 2049 633 0 739 3443 1761 0 0 912 1758 219 0 +1497+447
0 641 2324 3532 0 643 2683 3448 5320 2316 0 680 3557 2990 1701 0 352 3880 1353 363 0 0 1360 1248 0 +1462+556
200 1587 2904 2438 0 843 4667 4628 3092 378 0 1493 5863 2753 796 0 1714 2554 847 0 0 1802 669 0 0 +1525+592
0 0 0 286 273 93 202 530 1152 1142 880 2031 2720 2484 1463 810 1054 454 905 0 0 0 0 519 0 +627+450
0 0 0 116 244 51 1408 1981 1308 1465 699 1766 3034 2154 910 808 1394 814 398 0 0 0 358 0 0 +570+447
0 0 0 164 429 149 938 1507 1507 1383 892 1585 2318 2345 1293 589 1311 473 902 0 0 0 177 193 0 +612+404
114 0 805 1157 0 871 2053 3421 1734 0 1804 2278 2134 889 0 1004 956 936 301 0 0 0 355 0 0 +587+583
0 0 115 187 788 88 1528 1914 2215 1382 1494 2528 1762 2549 1076 766 2292 1056 1327 505 235 210 0 364 0 +597+505
0 0 372 193 260 390 1872 2170 2278 1259 1167 1962 1329 1610 1837 803 2284 955 564 167 114 125 429 0 0 +625+466
0 0 62 463 0 337 2016 2188 1381 895 1124 1678 2596 1307 1573 932 1123 1205 220 137 351 557 277 0 0 +602+489
0 0 0 0 0 363 657 0 864 1401 652 2257 2130 3174 1742 721 2334 988 1007 167 0 45 0 440 0 +637+478
0 0 0 204 104 756 1246 1774 2230 1495 885 1611 2350 2013 882 607 1954 214 718 0 0 22 143 92 0 +558+484
0 0 0 167 246 531 1748 1753 2811 1611 1352 1744 2275 1675 809 648 1321 222 701 0 0 0 400 0 0 +591+485
0 0 0 303 8 0 845 1871 1842 1508 847 1725 2474 2554 772 1345 814 1586 798 172 243 480 0 263 0 +524+503
0 0 0 515 0 229 792 1541 1652 1332 1006 1901 2331 2208 1392 410 1559 904 561 273 0 0 380 0 0 +566+487
433 736 1953 1029 0 0 0 1970 938 443 0 0 2704 1669 1316 0 414 2373 1552 0 0 49 527 980 0 +889+539
429 938 2256 1266 0 0 0 2458 1181 600 0 0 1805 2200 1225 0 199 2198 1422 34 0 170 622 1101 23 +951+540
0 208 1664 1802 0 369 837 1980 1562 77 0 0 1106 2832 551 0 12 1989 1023 0 0 334 798 1061 0 +946+554
458 1093 2761 643 0 0 0 2786 774 0 0 0 2399 1789 0 0 65 3010 932 0 0 315 1531 101 0 +816+621
374 896 2229 775 0 0 0 2774 734 394 0 0 2802 1936 579 0 213 1780 1488 0 0 0 160 552 0 +930+537
147 888 1536 1279 0 161 52 2150 1673 1139 0 0 1816 2164 502 0 324 1732 1325 0 0 0 13 852 0 +862+516
358 1057 832 509 0 154 357 3320 1011 98 0 0 2470 1985 535 0 174 2142 1059 0 0 106 1545 286 0 +885+534
340 870 1416 1540 116 61 296 2767 1781 1357 0 0 2184 2443 848 0 450 2001 1530 0 0 0 0 880 0 +1003+497
348 804 2135 2002 0 52 0 1942 2212 860 0 0 1486 2061 1024 0 361 1699 1524 0 0 0 0 810 0 +940+515
364 1246 2401 586 0 13 0 3019 936 0 0 0 2213 1704 521 0 325 3263 87 0 0 229 1617 0 0 +826+545
56 583 1678 998 0 137 194 2672 475 311 0 0 2780 1836 523 151 77 2454 1074 0 273 234 1372 77 0 +800+488
132 519 1564 1000 0 171 411 2931 1205 877 0 0 2574 1914 492 0 182 2541 1520 0 0 246 621 655 0 +866+517
0 0 0 610 1182 141 570 902 1486 1031 1833 4435 2719 2164 2492 487 1467 1196 2802 2262 0 0 0 1108 860 +1240+475
0 0 0 870 848 0 409 332 1904 1131 1478 4182 3517 2889 627 604 1552 1234 2841 1776 0 0 0 567 1304 +1196+463
0 0 0 1086 808 875 1968 1292 3108 245 1275 3307 2470 3419 183 186 644 1035 3115 1509 0 0 0 77 1192 +1214+423
0 0 319 177 1158 514 955 1366 1417 1087 1338 4131 2430 2875 1671 298 1482 1020 2032 1701 0 0 0 102 945 +1102+389
0 0 0 0 966 0 625 949 1248 1174 0 2479 3878 2594 3398 0 411 1697 1270 2292 0 0 0 0 1040 +1160+510
0 141 285 563 0 0 2577 2162 1638 0 0 2754 3164 2240 884 248 835 1137 2853 458 0 0 0 936 3 +1041+416
0 0 0 313 454 75 833 1471 1764 84 1215 3931 3114 3492 570 189 1146 1181 2067 1714 0 0 0 279 839 +1060+442
0 0 0 991 324 184 1152 1067 2909 0 1615 4056 2890 3444 399 542 1328 1118 1930 2059 0 0 0 273 653 +1174+441
0 0 446 163 614 257 3751 2810 1597 541 288 2217 1661 1753 1262 124 463 832 1155 1554 0 0 0 46 1100 +1188+423
0 0 176 194 616 274 1847 1978 2017 247 1643 4477 2088 3142 788 23 98 544 993 1229 0 0 0 439 336 +1088+437
0 0 0 143 912 459 1546 1493 1659 1002 856 4656 3205 2117 2465 218 831 1170 1131 2158 0 0 0 0 1015 +1224+436
0 0 0 0 1016 586 1426 1594 1057 900 788 3745 2362 2811 2477 181 877 1167 1543 2796 0 0 0 9 1227 +1259+457
0 1091 238 736 511 280 3211 2059 3772 21 918 2652 1428 1612 0 0 1462 55 1268 0 0 369 1459 458 0 +1157+529
0 896 236 1011 592 401 4103 2937 3861 117 0 2291 1111 1235 0 0 1302 222 1030 0 0 758 1478 692 0 +1063+531
663 910 195 1890 552 1436 2507 3390 2566 0 389 1975 4 1026 0 0 1453 0 859 0 0 649 671 1202 0 +1064+461
0 1040 179 155 201 819 1905 2616 3045 312 1334 1147 1526 304 0 1256 0 1089 0 0 350 700 1332 177 0 +1002+460
20 1319 327 1133 55 1325 2625 3938 637 0 1044 2718 1832 107 0 0 1547 1681 77 0 0 166 756 0 0 +1047+574
0 1005 120 899 40 448 2795 2036 3343 707 808 2646 2197 1452 0 0 1427 939 714 0 0 0 978 132 0 +1070+466
0 1014 160 735 141 920 1859 2731 3590 1048 1174 2796 1456 1614 0 0 1099 0 953 0 0 591 685 1316 411 +1073+484
1 1507 0 897 951 1486 2873 2859 4116 455 430 2120 1107 1156 0 0 1533 226 1118 0 0 0 489 1286 0 +1259+461
0 828 594 800 521 54 2397 2719 3203 225 945 2179 2368 1223 0 62 1910 695 327 0 0 518 1215 707 0 +1054+488
0 1605 44 1018 1072 1620 3531 3513 4448 72 1573 2578 1974 582 0 25 1490 1419 0 0 0 815 1654 0 0 +1243+535
8 615 121 1947 545 1819 1234 4058 2934 55 2023 3738 1923 580 0 1147 207 1279 0 0 0 990 1727 242 0 +1193+528
0 915 477 1865 665 930 3681 3718 2588 0 714 1874 33 963 0 206 856 0 967 11 0 910 894 1381 151 +1085+573
232 1371 988 1012 1034 1483 1050 2064 1662 667 1868 1907 2737 645 0 873 2508 708 0 0 68 0 784 0 0 +1008+667
0 953 1078 1002 700 1086 955 764 1929 1059 1103 2590 1566 859 0 162 3256 1296 47 0 37 289 537 902 0 +1137+609
9 862 2006 795 865 1230 861 1810 1799 1179 1743 2333 1426 978 0 1283 1526 938 275 0 0 190 829 1009 0 +1218+624
35 968 1408 1083 1742 1529 1017 1058 2537 658 904 2125 2962 1550 0 282 2576 524 0 0 0 198 1002 752 0 +1146+677
0 542 2259 1135 1516 314 1385 1446 2793 790 632 3506 3188 697 0 0 1830 1308 555 0 0 0 308 527 0 +1376+772
0 778 875 1694 1260 1214 1277 532 2496 1348 1725 1179 1363 1543 0 546 2979 1737 361 0 0 0 374 1295 0 +1217+632
255 1332 1333 1175 1485 1766 804 1728 2064 122 1650 2062 2204 1061 0 1912 1170 1022 756 0 0 0 180 822 0 +1227+717
0 600 1241 827 1593 725 1038 1120 2583 707 1742 1921 1171 1215 0 868 2270 1021 363 0 378 762 2051 0 0 +1209+653
0 511 944 1160 715 561 1245 507 2206 1106 1521 471 1735 1566 92 120 2470 2160 461 0 0 0 471 1303 0 +1150+577
0 258 1186 791 992 0 1662 1072 2336 1013 0 1769 1623 1969 0 0 1370 2412 412 0 0 0 0 757 0 +1162+747
0 348 343 1159 1044 1591 1423 1913 2212 869 1676 1351 2106 961 0 1419 2053 1034 0 0 133 846 1672 0 0 +1243+741
0 351 813 1039 1452 829 1635 807 1882 415 1236 459 2075 1663 0 1186 1836 2005 1411 0 0 0 95 983 0 +1123+655
371 2359 2214 661 0 74 1542 3587 3071 1486 464 2095 2860 1654 448 549 2147 1639 1425 0 0 1156 1345 0 0 +1208+460
553 2497 2276 807 0 59 1468 3681 3165 1577 63 1566 3931 1292 646 0 1247 2574 1872 0 0 0 1992 381 0 +1213+483
579 2055 1994 238 1016 0 1541 4946 1167 1543 445 722 3310 1609 72 0 637 2803 1482 0 0 0 2321 0 0 +1173+522
357 2230 1952 1244 616 20 1288 4284 1682 1026 325 1896 3145 1816 0 85 1007 2519 352 0 0 1052 1032 0 0 +1156+409
536 2056 2081 462 485 125 1238 4336 1150 1240 321 2673 2430 1746 0 118 2736 1490 609 0 0 1427 846 0 0 +1144+470
344 2404 2486 962 340 54 1189 4392 1789 937 669 3754 1809 1775 0 461 2434 1913 4 0 0 2222 140 0 0 +1244+486
577 2128 1804 347 459 5 1522 5049 1409 1660 393 1754 3508 1516 362 75 2149 1891 1319 0 0 970 1738 0 0 +1216+496
213 2015 2046 796 475 0 932 3990 2362 1137 434 1955 3055 1799 0 321 2524 1562 445 0 0 1505 989 0 0 +1203+437
745 2982 2379 534 869 12 1194 4854 244 1624 196 2489 3109 1858 91 0 1666 1995 1090 0 0 1414 1120 0 0 +1231+511
366 1870 1057 224 994 228 2290 4878 528 1537 218 2439 2550 1597 198 0 1972 1545 1417 0 0 706 1859 0 0 +1176+514
0 0 0 0 0 458 4215 4052 528 1589 457 1837 4331 352 1244 0 2046 2650 1772 0 0 0 1692 1442 0 +1467+481
504 2701 2638 880 209 67 1680 5049 791 1819 179 2213 2673 1446 424 0 1447 1776 1888 0 0 782 1993 9 0 +1315+517
0 106 861 688 624 188 2397 2492 1483 1285 1025 1135 2874 1755 0 1168 140 1368 1464 0 61 1051 637 450 0 +773+502
0 1995 2398 1865 110 1340 4204 3219 2747 68 1461 1588 4727 2316 0 1246 664 792 1609 0 0 427 812 29 0 +1126+661
0 248 916 841 592 372 2544 2913 2667 1410 1279 1483 3420 2802 262 1234 989 1701 2077 0 284 1586 1071 510 0 +978+588
0 485 841 1540 497 725 2197 2366 2482 2343 1122 1513 2660 3761 967 1324 571 1112 2226 148 258 953 738 1003 0 +983+615
0 821 1479 1476 998 858 2221 1649 2170 2410 1141 1520 2667 3112 1192 1237 1153 1363 3027 627 0 839 1459 1010 0 +977+611
0 569 878 698 891 1067 1889 2876 3024 2211 1064 1376 3330 3418 105 1488 834 1751 3143 90 64 1026 1154 1007 0 +1011+590
0 792 740 941 539 956 1924 2231 2937 1709 1063 1205 3401 3219 152 1328 830 1318 3336 47 54 1248 2208 1256 0 +930+575
0 788 1720 1480 773 1107 1981 1751 2690 1428 983 1141 2926 3881 302 1348 269 2586 3696 0 121 1046 1518 804 0 +939+585
0 575 994 924 890 1014 2797 3390 2842 2241 1277 1664 4299 3063 0 1379 1431 4468 2576 0 334 1134 3088 896 0 +994+640
0 588 899 652 752 741 1583 2393 3057 1632 1388 1673 3411 2580 0 1350 1248 4460 2394 0 179 1018 2341 419 0 +901+608
0 343 907 820 486 508 2369 1955 1594 1249 1338 2075 3272 2473 233 1182 1865 3370 1188 0 165 1004 1532 259 0 +765+627
0 432 890 599 796 818 2401 2956 2910 1727 1043 1700 3109 1901 0 1223 1753 2826 2478 0 282 1101 728 614 0 +941+595
0 0 0 726 2103 484 524 1192 2254 1547 91 2291 5271 2399 1696 37 3810 1152 1276 2342 1924 954 236 0 0 +1470+433
0 0 0 189 3176 236 0 102 4420 1307 1198 1782 5765 3253 812 0 2017 3913 2963 933 0 3275 1402 194 206 +1618+442
0 0 0 2364 831 1094 0 1277 3343 1508 532 1704 5990 3522 172 0 3029 2943 1425 0 0 2724 832 439 0 +1494+443
0 0 0 93 2410 6 0 435 4075 1980 1195 2078 6049 4228 298 0 3943 3377 3273 190 1334 2490 1058 96 0 +1653+440
0 0 0 1069 2403 0 0 1753 3447 645 1529 3692 2722 3750 0 1258 4541 2658 2223 0 3390 1101 661 894 0 +1678+405
0 0 0 1326 2412 0 1163 2478 4020 1588 0 572 5264 2904 899 0 3336 1782 1626 0 305 3108 1382 882 0 +1609+528
0 0 0 933 3047 503 0 1423 3916 1221 696 3939 4524 3293 2068 0 5227 1820 346 946 1526 2104 176 0 0 +1752+438
0 0 0 3164 234 763 331 864 3552 0 564 2584 3114 2637 1457 0 2622 1737 0 1609 0 2688 1077 0 221 +1516+429
0 0 743 3126 129 685 367 2368 2330 1761 855 3812 4175 2574 2549 0 2786 2152 1309 1886 0 3342 885 418 1133 +1640+389
0 0 25 3649 46 567 0 2728 2108 1957 1189 2600 5452 2603 2135 0 2376 2958 701 2077 0 3565 626 0 0 +1706+457
0 0 1316 1569 1202 903 2312 4488 618 1630 307 4675 3785 2838 915 1119 3254 1281 2057 0 2839 795 0 1987 0 +1532+470
702 0 1073 3420 384 69 619 2968 2544 1729 0 4572 5895 2715 2128 0 2800 3871 1913 707 0 1535 2655 0 1590 +1792+470
79 817 611 1164 19 1040 2347 3476 2447 288 0 928 1821 1713 777 0 1638 905 980 0 0 158 206 619 0 +891+473
0 432 19 749 84 1274 2341 3428 2702 478 750 1334 2326 1736 601 494 885 0 1312 0 0 0 516 337 0 +968+419
0 0 0 893 0 379 2224 2643 2892 971 424 1472 3350 2079 567 1362 1519 274 1061 0 0 4 734 36 0 +1029+459
0 923 1198 1630 257 267 2281 2873 1657 1635 866 1020 1674 1504 501 824 1184 76 1126 0 0 0 767 141 0 +908+424
0 0 0 1011 0 0 2073 2773 2781 1049 690 1862 2458 2887 919 844 886 0 1260 100 0 0 0 954 0 +1079+461
0 0 0 947 0 0 1365 4626 3406 874 829 2377 1700 1755 272 834 781 289 1074 0 0 0 855 0 0 +1036+484
0 0 0 864 150 1084 2894 2726 2593 92 1169 2123 3189 2313 256 1134 1404 7 1328 0 0 0 578 252 0 +1089+492
0 176 381 820 0 775 2993 3352 2370 1006 1043 1939 960 1699 121 742 814 147 1167 0 0 0 822 78 0 +1005+460
0 0 547 922 0 0 2508 3003 2539 1049 555 1816 2344 2297 396 811 1033 140 978 0 0 0 534 158 0 +971+454
0 0 0 582 228 665 2861 2759 2760 890 939 1610 2581 2122 0 987 981 476 590 64 0 0 976 0 0 +1002+459
0 0 0 672 170 9 1842 2609 2715 838 666 1727 2339 2554 249 556 741 448 909 0 0 0 1071 0 0 +1014+438
0 160 382 753 0 0 2869 4601 2576 793 908 1924 1881 2144 134 855 632 1157 131 0 0 0 833 0 0 +956+554
584 1925 2270 2593 22 215 1953 1280 2755 0 3 1176 2161 1776 1773 0 0 475 2057 559 0 0 0 681 244 +1241+469
0 0 636 586 75 155 3514 2897 3474 942 0 1811 411 1335 365 0 0 0 322 0 0 0 0 0 331 +1735+476
758 1250 1412 1700 424 101 2457 2246 2138 774 0 546 2380 1681 1232 0 0 1620 586 406 0 0 332 1501 154 +1279+411
0 1173 2803 3077 1178 0 377 3718 1698 2945 0 0 976 2874 1508 0 0 0 2325 529 0 0 0 1370 92 +1466+520
536 1721 2458 1107 0 50 2659 3266 3304 838 0 405 2175 1969 245 0 0 1322 1696 244 0 0 0 1759 218 +1408+461
527 2143 3331 2346 953 0 2354 2625 1825 1490 0 0 1366 1888 1037 0 0 40 3211 622 0 0 0 1181 422 +1539+457
574 1972 3092 2542 374 3 2647 2107 2465 499 0 646 2090 2653 1304 0 0 0 2371 1404 0 0 0 1093 412 +1295+464
619 1677 2063 1744 596 0 1513 2341 2534 1661 0 14 2534 1266 463 0 0 991 2482 885 0 0 0 1004 2250 +1436+469
750 2263 3838 2649 421 0 2066 2703 2652 0 0 0 1377 2531 1647 0 0 0 2490 1006 0 0 0 997 745 +1429+489
0 650 1589 513 0 1312 4236 3516 2790 126 360 1526 3494 2818 9 0 0 1761 2744 808 0 0 0 1683 0 +1452+485
176 1291 2641 1556 470 556 3057 2849 3218 1515 0 460 2393 2748 1336 0 0 897 3223 1141 0 0 0 1079 691 +1477+458
728 2810 3147 2227 38 118 2505 2776 2187 0 0 0 1375 3273 408 0 0 0 3334 620 0 0 0 1386 556 +1567+462
0 0 23 372 29 0 1300 1848 1407 901 635 963 1329 937 700 544 765 1318 884 517 97 344 769 279 0 +520+600
0 1402 2275 2385 2540 1726 2620 5443 2226 972 848 3699 4048 1490 32 0 3366 2184 2115 0 0 1839 908 385 0 +1457+668
479 1986 3261 3896 3061 1974 1153 5011 3854 796 131 3630 4417 2785 0 0 2320 2411 1868 124 0 1106 0 0 0 +1513+651
0 1039 4414 4197 2970 1805 245 5648 4914 1029 663 2812 4722 2823 0 0 2346 2486 1519 0 0 1546 0 0 0 +1336+747
0 1919 3306 2370 1986 1579 2959 5182 4015 2036 854 1920 5777 2408 0 0 1853 4434 1838 0 0 1647 661 0 0 +1433+793
299 1149 1997 2333 1932 1730 1719 5210 4841 2311 861 2834 3705 3236 0 0 1340 4841 1105 0 0 3 0 219 0 +1246+740
101 1150 3273 4464 2774 2093 624 4573 4130 1879 139 1992 4348 3127 0 0 2076 2532 1635 137 415 1097 0 0 0 +1341+674
105 1266 2223 3788 1774 1850 749 6507 4505 1608 853 1840 3729 4388 0 0 0 5662 2024 664 0 1192 897 933 0 +1391+763
0 1299 3067 3846 2634 1753 341 5956 5244 1430 873 1477 3813 3911 335 0 892 4054 1906 0 0 1137 0 0 0 +1340+746
101 1449 3228 3469 3419 1836 259 5695 5541 2440 782 3061 4339 5564 1083 0 2124 2116 2128 408 0 1418 0 0 0 +1327+713
90 1573 2707 3217 2834 2055 2308 5290 4194 1371 779 2788 4673 945 0 0 1932 2793 1251 0 0 1760 0 0 0 +1488+642
6 1297 3114 3673 2775 2113 62 5543 4741 1710 1044 2103 4101 3141 0 0 1116 3391 1682 0 0 1798 0 0 0 +1476+705
0 0 50 238 0 7 1108 1457 1130 0 0 180 613 1757 11 0 287 689 1481 65 0 136 439 257 330 +513+267
0 0 0 6 0 0 518 1041 981 68 0 189 989 1007 375 0 327 1234 1037 158 0 6 252 343 93 +440+235
0 0 0 0 0 0 430 1097 344 0 12 471 1353 606 0 0 367 1019 855 86 0 0 0 0 141 +432+274
0 0 519 54 0 0 229 970 842 0 41 378 1087 1072 51 0 451 1120 1319 190 0 90 543 455 0 +486+226
0 0 0 143 0 0 299 732 996 0 97 702 1137 922 548 0 1202 1566 1070 221 0 0 658 1193 14 +521+296
0 0 103 0 0 0 10 1363 550 0 0 180 1244 1267 642 0 121 996 1394 0 0 0 466 770 0 +499+344
0 0 30 0 0 0 294 1028 539 0 0 625 930 1209 323 0 305 647 1550 0 0 0 365 356 249 +461+258
0 0 2 107 0 0 329 769 1077 0 6 572 885 1433 746 0 149 906 1240 5 0 43 375 262 48 +495+263
0 0 97 0 0 0 192 1404 543 0 18 509 1080 1454 170 0 442 1050 1573 811 0 0 19 120 223 +514+273
0 0 82 133 0 0 326 1340 1460 27 12 749 837 1129 3 0 337 983 1784 0 0 0 0 216 250 +529+269
0 0 0 109 0 0 195 400 1151 0 0 590 943 1392 47 0 466 980 1487 689 0 130 162 364 2 +538+242
0 0 0 343 128 0 92 560 900 745 38 626 1823 1056 375 0 793 1000 1884 850 0 0 472 463 257 +618+283
212 1020 1274 1497 420 0 0 713 1063 0 0 1247 2370 585 0 46 702 1332 140 0 0 839 2476 64 0 +1484+397
24 723 835 1264 543 0 0 0 1638 0 0 0 1176 2436 0 259 859 1689 474 0 0 693 2048 299 0 +1455+341
181 987 1395 1195 361 0 0 1234 617 0 0 179 2847 476 0 0 1338 1891 69 0 109 922 1319 0 0 +1575+375
166 981 1154 1135 524 0 0 182 1925 0 0 0 1514 2652 0 0 856 1235 801 0 0 6 1757 1006 0 +1396+350
35 866 1114 1203 485 0 0 170 1453 0 0 57 2033 1131 0 0 1401 1800 157 0 115 886 981 0 0 +1462+316
0 621 1275 1328 467 0 0 809 943 0 0 209 3033 377 0 313 1375 1472 0 0 219 1417 729 0 0 +1496+355
172 1139 1567 1371 205 0 0 519 1530 0 0 871 2891 459 0 0 1266 2567 663 0 0 333 1764 6 0 +1414+381
76 697 837 1097 347 0 0 51 931 0 0 48 1719 1246 0 86 1027 1814 183 0 0 1036 2061 0 0 +1438+322
0 306 1083 1060 408 0 0 435 1385 0 0 231 2616 1173 0 366 1128 1995 115 0 0 608 1869 0 0 +1600+343
0 597 914 1423 414 0 0 0 1273 0 0 0 1981 1166 0 377 762 1772 541 0 0 132 1528 942 0 +1411+354
0 663 1143 1519 334 0 0 24 1010 0 0 0 1588 1840 0 120 1573 2169 154 0 113 461 1383 0 0 +1469+359
0 396 897 1787 640 0 0 465 1255 0 0 625 2788 563 0 206 1448 1781 166 0 110 562 1281 0 0 +1544+317
0 551 1445 361 0 461 1804 2013 933 673 0 1488 1488 1243 0 0 1368 1587 24 0 0 40 1423 0 0 +899+447
0 4 1241 250 831 533 2133 2202 1289 119 80 1542 1541 659 0 0 1579 1478 0 0 0 112 1289 0 0 +805+431
0 0 675 346 763 701 2510 2218 1288 151 0 1192 2547 291 0 0 703 1982 0 0 0 0 1164 0 0 +837+520
0 73 842 767 0 327 1902 2117 816 135 0 494 1720 1188 375 0 484 1540 536 0 0 2 1253 0 0 +805+419
0 0 672 703 0 330 2354 1916 1258 782 0 667 2584 691 18 0 1135 1780 0 0 0 704 443 0 0 +763+441
0 0 938 334 539 505 1937 2238 1841 247 0 769 2016 1121 0 0 864 1919 117 0 0 0 1190 0 0 +836+426
157 1143 2448 0 0 572 2297 2192 923 0 38 2186 1764 0 0 0 1487 283 0 0 0 4 84 0 0 +1001+483
0 41 422 845 0 240 2252 2315 1497 588 0 537 2373 1032 0 0 793 2041 1 0 0 274 1074 0 0 +807+421
0 0 553 837 0 389 2096 2445 985 501 0 852 1959 1187 0 0 878 1929 39 0 0 171 1310 0 0 +816+437
0 255 1433 0 0 629 2175 1867 688 563 0 1031 1783 728 0 0 1421 1472 0 0 0 19 749 0 0 +766+489
0 0 905 493 442 404 2335 2062 1588 353 13 1529 2165 208 0 120 1719 1130 0 0 0 1273 3 0 0 +815+441
0 0 958 843 51 577 2011 2207 2025 805 0 597 2081 1098 0 0 378 2526 16 0 0 0 1137 0 0 +869+453
0 1168 1380 1276 0 1284 2979 4246 1128 696 1143 1447 2989 3377 452 169 1274 3518 1576 0 0 22 274 843 0 +1337+481
0 1001 1806 1769 331 1715 3147 3881 3126 1513 0 1868 2757 2917 2 0 523 1880 2689 4 0 0 0 671 0 +1586+443
0 0 1162 2040 948 0 1456 3571 5416 1353 0 1291 3072 4385 1021 0 0 1683 5079 146 0 0 0 908 0 +1480+623
0 117 1488 1780 417 993 2853 2485 2499 767 309 1361 1979 3603 997 0 241 1258 3504 1142 0 280 298 0 1312 +1435+436
0 0 1158 1905 20 414 2086 3460 2247 572 1089 3061 1703 3809 909 0 992 3064 2371 0 0 254 1868 1565 0 +1236+480
0 544 2161 1661 0 1032 3006 4694 1056 1464 1323 2898 2254 3507 390 36 922 3956 1786 0 0 1441 1586 241 0 +1255+519
0 154 1926 1997 654 565 3232 2891 2857 519 920 2641 2316 3947 948 0 450 2827 2488 0 0 114 229 734 0 +1363+462
0 124 2698 2471 0 1453 3165 2116 3744 1153 0 1419 3716 2377 0 0 873 2263 1893 0 0 0 551 688 0 +1495+443
0 113 1708 2020 5 791 2955 2480 3116 1125 1056 2944 3344 4161 605 0 587 2170 3548 99 0 0 0 1254 0 +1470+464
0 0 1552 2281 0 0 2495 3039 4408 1416 0 2844 2476 3745 368 0 130 2300 4045 14 0 67 459 1098 0 +1339+541
0 787 2511 1706 0 1443 2973 3238 3316 1261 0 1882 3378 3022 10 0 519 2596 1773 0 0 0 0 930 0 +1490+471
0 267 2025 1553 0 1469 3638 3684 2764 1434 97 2387 3179 2971 0 0 319 1940 3144 0 0 0 0 1148 0 +1430+497
0 0 0 1114 1631 0 0 3981 5754 127 315 3575 5509 4897 0 840 2680 5275 2117 0 0 831 2107 0 0 +1422+724
0 0 0 1664 1384 0 0 3023 4566 1341 0 2998 3362 4535 1617 1197 976 4991 1770 0 692 2684 549 138 0 +1216+672
0 0 0 1537 2213 0 0 2445 5293 1649 0 2517 5265 4021 512 1388 3428 4635 1462 0 103 964 637 0 0 +1261+673
0 0 148 3334 2249 0 34 4544 2694 24 694 2823 4746 2581 0 730 3593 4146 1 0 373 318 1440 0 0 +1281+705
0 0 0 1548 2010 0 0 2125 3263 2653 0 2204 4325 3995 1320 1025 2767 4516 1956 0 0 1163 439 869 0 +1161+626
0 0 0 1410 2527 0 0 2992 4139 2496 398 3338 6244 3436 402 1559 4113 3079 939 0 513 131 1132 0 0 +1368+634
0 0 0 1416 2520 0 0 2327 5319 2570 86 2801 4990 3862 1129 1034 3285 4625 1341 0 833 1045 1715 0 0 +1278+698
0 0 237 2643 1541 0 478 3422 3605 2925 610 3150 2918 3016 1144 578 2842 3400 1932 0 159 943 1092 631 0 +1175+627
0 0 34 1560 1930 0 360 3244 4232 431 295 3201 5667 2438 0 634 5319 2926 364 0 839 291 974 0 0 +1216+648
0 0 0 2192 940 0 0 3112 5601 0 107 1533 5188 3824 0 1042 2041 6725 614 0 83 2537 1331 0 0 +1236+731
0 0 0 1578 1921 0 0 2484 3677 592 26 2103 5088 3624 0 904 4016 4018 256 0 714 660 852 0 0 +1185+691
0 0 55 1427 1715 0 38 2537 4090 237 0 2658 4527 2803 0 702 4895 3592 359 0 1304 1487 1437 0 0 +1149+670
0 261 1189 1744 0 34 3063 4140 2001 2139 808 4151 2571 617 1122 935 2502 744 526 0 1073 186 0 0 0 +911+487
0 0 304 1175 571 320 1470 3112 2210 1305 1047 3543 3727 1250 1224 959 4039 1594 853 0 14 1045 0 0 0 +866+488
0 0 0 857 253 0 1704 3091 2516 1568 1086 2892 2795 911 1162 173 3829 494 966 204 0 878 536 0 0 +784+488
0 0 0 662 658 421 1480 3691 2597 2405 487 3047 2957 1879 814 574 3415 819 942 0 554 1335 429 0 0 +879+494
0 0 455 918 1149 485 3308 3816 4352 1627 1302 3469 2070 1483 0 1165 2165 587 0 0 667 283 0 0 0 +1031+451
0 129 1169 1347 307 374 2624 2968 1619 1927 476 3409 2611 940 995 649 2073 320 847 0 756 1028 416 0 0 +734+470
0 0 453 716 652 0 1633 3699 1621 2323 74 4100 2870 2240 1144 1060 2590 1387 594 0 241 1384 138 0 0 +761+512
0 0 452 631 1091 83 1811 3049 3494 1607 473 3645 2810 1926 0 1507 2742 1339 74 0 934 1016 17 0 0 +869+539
0 0 0 232 1029 195 1851 2933 2661 1706 1255 3133 3642 1538 685 1276 2923 669 823 0 767 1635 286 0 0 +829+450
0 0 83 393 864 0 1094 2842 2292 2012 145 3853 3749 1512 1450 629 2715 643 979 0 505 1192 560 0 0 +754+532
0 0 1117 994 716 865 2673 3605 1296 1093 646 3960 2540 1491 329 1300 2990 757 277 0 474 250 0 0 0 +770+499
0 0 756 769 800 225 2691 4256 2498 2406 1045 4879 2660 1754 860 835 3360 1108 773 0 727 1232 108 0 0 +882+510
0 462 410 490 417 0 512 1760 2057 183 0 275 1647 1885 330 81 513 1504 695 636 0 0 639 0 0 +740+308
0 874 1026 796 0 0 820 2332 579 0 0 237 2618 2061 417 171 342 1228 547 0 0 0 638 0 0 +837+342
0 0 188 576 0 41 1167 3229 2365 80 0 738 2488 2014 0 103 666 1998 1030 734 0 0 807 0 0 +979+322
0 0 0 0 0 0 505 991 1799 643 0 205 1738 2717 3 155 539 2119 1976 624 0 153 665 0 0 +890+350
0 506 1143 1267 400 0 387 2201 2037 0 115 479 2486 2176 502 0 49 1229 644 142 0 559 142 0 0 +891+326
0 1188 2243 568 0 0 1137 2407 0 0 0 661 3469 375 0 290 661 1723 0 0 0 0 469 0 0 +905+444
0 1027 1764 639 114 0 1465 2910 231 0 107 2516 2809 975 184 539 915 407 0 0 0 0 0 0 0 +943+375
0 603 1121 1173 189 0 919 2457 1316 0 0 747 2520 980 127 110 1328 1301 813 361 0 537 0 0 0 +836+330
0 540 933 948 617 0 60 1300 2380 0 0 301 1526 2212 251 107 512 1737 1658 874 0 0 420 82 0 +868+316
10 625 578 517 427 6 533 1918 1711 26 0 569 2008 1171 238 0 1085 1109 806 276 0 511 0 0 0 +755+270
115 402 641 607 182 32 1248 2238 814 0 0 763 1536 1236 0 51 986 1682 1037 254 0 496 0 0 0 +757+292
0 0 0 1175 51 0 885 2251 1159 1133 0 511 2275 466 1157 58 911 1644 1143 1063 0 0 592 0 0 +882+309
0 1821 966 667 0 785 1887 4303 4998 0 0 0 1978 6219 1805 0 0 1153 3873 0 0 0 0 0 0 +1274+606
232 752 0 0 0 295 1343 1797 2457 0 1032 1488 3036 4868 0 0 0 419 4251 1049 0 0 1603 2443 1519 +1116+500
0 1832 89 0 0 527 1790 2864 2494 242 1158 3192 3009 4516 1409 0 5 1891 4300 1154 0 0 1105 2004 0 +1082+583
55 843 0 0 0 189 1873 3292 2704 159 705 1016 3360 4989 1867 0 0 222 5034 1769 0 0 1250 2663 1260 +1049+570
0 1373 272 0 0 379 1084 2592 2954 643 720 1399 3201 4645 1252 0 0 107 3719 1752 0 0 678 2557 0 +1012+502
226 850 0 0 0 1232 1992 2751 3095 0 556 1216 3239 4983 384 0 0 443 4485 1574 0 0 1441 2259 0 +1072+568
0 1363 698 607 0 1078 2465 2731 3740 0 131 350 2549 5644 1995 0 0 617 4492 735 0 0 1058 1684 576 +1021+581
0 1910 0 0 0 410 2172 2905 1298 0 1614 2169 4651 6036 0 0 0 1025 5612 916 0 0 1749 2618 0 +1175+592
0 1571 333 0 0 1320 784 4240 1865 0 311 2437 3648 6685 0 0 0 629 5788 2033 0 0 1029 2957 69 +1139+665
512 684 0 0 0 0 1836 1473 723 0 1314 2944 4160 4180 0 0 107 2372 3719 1670 0 0 2509 1902 0 +1260+604
0 320 781 0 0 1161 1619 3748 3365 0 563 917 3123 6404 654 0 0 950 4959 1236 0 0 1296 1555 1228 +1128+572
0 1248 722 0 0 1888 873 4215 1958 0 102 2090 4768 4266 8 0 0 2030 4144 2378 0 0 1783 1913 390 +1096+651
0 1067 1596 692 1339 0 3391 2584 2068 80 122 2147 3307 241 0 619 2916 555 0 0 709 1121 0 0 0 +1306+443
0 1591 2076 940 1130 0 1721 4775 2579 144 0 777 3365 130 0 653 3501 167 0 0 523 0 0 0 0 +1345+468
66 1254 1310 759 1260 0 2933 3618 2137 7 0 1154 2964 78 0 808 2821 465 0 0 234 840 0 0 0 +1295+430
0 503 2423 257 1342 0 2107 4893 2470 4 0 1518 2915 18 0 797 3174 165 0 0 0 475 0 0 0 +1374+482
0 0 0 0 0 0 0 0 510 0 0 0 126 320 0 0 201 347 584 229 0 0 0 172 34 +393+207
0 1686 3342 1106 1422 0 2370 4797 2738 97 0 1573 2852 67 0 1069 2549 160 0 0 190 44 0 0 0 +1403+471
0 230 1998 1682 1189 0 2152 5563 2416 248 0 918 2825 503 171 359 2829 904 0 0 1023 986 0 94 0 +1285+519
70 1115 1383 1 1529 1389 3693 3515 4027 143 371 1582 4164 229 0 0 3874 474 0 0 693 580 0 0 0 +1398+483
131 1171 2701 391 1471 1986 4746 3447 2398 430 441 1688 2625 815 0 1151 2132 1199 0 0 404 1353 0 0 0 +1406+482
0 1657 3920 173 1509 0 3533 4990 2433 40 0 1856 2706 64 0 625 2694 470 0 0 165 634 0 0 0 +1437+482
0 0 1704 3014 1315 0 926 5084 2788 233 0 789 3456 154 0 554 3720 121 0 0 933 401 0 0 0 +1382+487
0 20 2796 3166 1475 0 1406 5184 2261 155 0 1436 3630 385 0 192 3617 761 0 0 1338 405 0 0 0 +1468+490
0 0 0 1518 171 400 1754 3176 3045 473 283 2113 2503 2374 119 1932 1526 1212 888 0 1367 1048 0 0 0 +1052+594
0 0 0 1174 2592 316 2250 4163 5313 1753 1675 2870 4808 1450 0 1921 3201 528 0 0 1417 571 0 0 0 +1577+710
0 0 0 2024 186 1078 2276 4391 3584 1514 709 3811 4229 1407 0 733 3766 1136 44 0 779 737 0 0 0 +1277+745
0 0 0 142 1810 270 1249 2323 4926 1298 1140 3702 4465 2518 530 847 3211 1671 1026 0 1489 1353 0 0 0 +1109+678
0 0 0 2361 738 605 2581 4448 3908 283 798 1397 3816 1881 0 846 3059 1250 0 0 0 1401 0 0 0 +1247+652
0 0 461 3215 188 0 2664 5408 5435 2229 1737 3549 5876 2436 20 1164 3452 16 0 0 1259 753 0 0 0 +1671+740
0 0 1136 3608 1650 1318 4856 5824 3299 0 2274 3157 4393 1457 0 1440 3087 0 0 0 1626 192 0 0 0 +1579+754
0 0 574 2951 0 412 3277 5062 4654 710 2720 3889 5276 229 0 2312 3388 85 0 0 982 739 0 0 0 +1516+792
0 0 0 1996 319 489 1726 3111 3081 1021 1462 4226 4150 3058 501 1750 2083 1949 522 0 742 1371 0 0 0 +1261+671
0 0 441 3939 1757 1148 3492 5179 2859 0 746 2817 3108 1833 0 498 3175 952 0 0 58 1469 0 0 0 +1352+730
0 0 2985 3568 22 2004 6825 5959 754 0 2533 3834 1864 0 0 3668 1220 0 0 0 1782 0 0 0 0 +1612+923
0 0 128 2918 864 422 3310 5202 3501 221 1510 3046 3379 1445 34 1577 2776 0 0 0 0 1269 0 0 0 +1299+694
0 0 0 508 849 0 0 1160 726 31 125 2205 3302 2245 1352 88 3984 2656 910 0 940 1615 783 0 0 +1203+395
0 0 0 611 698 0 9 1745 619 0 205 3339 2399 1639 649 0 4176 2600 1301 0 713 1690 879 0 0 +1299+374
0 0 0 762 756 0 203 1493 502 0 483 3771 1279 901 0 1274 4611 3790 1009 0 606 2510 454 0 0 +1429+403
0 0 0 392 996 0 0 1159 909 0 0 2744 2654 2201 356 228 5484 3272 675 0 803 2545 259 0 0 +1326+398
0 0 0 468 827 0 0 1392 680 0 0 2445 3157 1241 0 1012 2884 1320 0 0 118 1351 177 0 0 +1235+403
0 0 0 658 819 0 0 1566 665 0 0 3395 3219 2292 1405 60 5015 3372 1014 0 1027 1553 966 0 0 +1398+391
0 0 0 477 1355 0 34 1341 714 0 94 4125 1628 2040 364 225 4598 2905 915 0 992 1888 346 0 0 +1359+424
0 0 0 436 728 0 0 1122 922 0 0 2937 3145 1774 0 661 4122 1309 0 0 729 1212 41 0 0 +1235+402
0 0 0 519 961 0 0 1395 830 0 0 2966 3775 709 0 278 3347 533 0 0 805 816 0 0 0 +1371+390
0 0 0 270 850 0 0 757 994 0 0 2129 2661 1301 1446 174 4636 1996 1468 0 656 1676 1069 0 0 +1152+402
0 0 0 380 1549 0 0 886 1101 0 0 2783 1332 734 0 678 5561 3590 238 0 299 2368 513 0 0 +1299+408
0 0 0 623 738 0 6 1457 524 0 0 3926 2866 0 0 0 3193 1685 102 0 999 1482 565 0 0 +1303+395
0 0 621 1802 0 171 2193 3119 722 1384 103 1209 1266 1593 715 1406 1831 1044 1408 0 0 1228 1466 0 0 +1269+470
0 0 554 1864 63 0 1440 3502 1105 1757 575 1653 1192 2170 478 1002 2801 373 1622 0 0 1040 726 302 0 +1239+509
0 0 712 1372 201 0 1868 1445 1093 1720 0 652 887 2646 305 1456 1469 2369 1485 0 35 1081 1622 1490 0 +1147+498
0 0 495 1937 377 0 1689 4057 1202 1766 1231 1661 1220 2600 0 14 2488 1759 215 0 0 604 1375 0 0 +1332+499
0 0 1013 1025 152 468 1695 1627 209 1676 826 2485 1943 1972 0 1358 1959 1190 563 0 960 928 973 0 0 +1212+489
0 0 676 1293 586 0 1757 2831 948 1706 608 1726 2310 2366 9 1114 1630 2327 1479 0 0 135 1966 93 0 +1183+539
0 0 957 1375 560 13 2135 2057 186 1787 717 2339 797 1956 3 1739 3101 1491 946 0 1526 1089 451 0 0 +1240+538
0 0 311 1915 299 0 1358 2213 401 1934 426 1436 1642 1735 163 1622 2693 541 1603 0 0 2396 745 156 0 +1213+542
0 0 599 1871 534 0 1700 3133 624 1603 13 2417 2025 1897 0 1324 2402 1010 1491 0 433 2006 160 119 0 +1306+543
0 0 724 1445 806 0 1687 2679 1308 1045 0 2168 2157 1930 0 1580 2887 1967 265 0 112 2163 935 0 0 +1187+541
0 0 1221 1144 325 0 2328 1881 411 1606 92 2092 1514 1872 0 1240 2053 2384 105 0 0 1279 1584 0 0 +1230+464
0 0 801 1624 0 207 1779 2986 543 1823 716 2474 2599 1315 678 1572 2538 842 1565 0 77 1477 479 805 0 +1265+512
0 0 256 919 1887 313 1854 3241 1921 1961 974 1807 1572 2231 0 0 263 1872 0 0 0 1678 0 0 0 +1452+648
0 0 0 875 1905 623 1453 3714 2489 938 1425 1239 2284 647 0 256 2386 236 0 0 1193 278 0 0 0 +1369+723
0 3 411 1840 1987 453 1521 3601 2982 687 968 1438 2379 762 0 0 270 1778 0 0 0 1250 0 0 0 +1502+543
0 0 419 1226 1535 277 2102 3234 3899 1453 2372 953 2207 888 0 0 1403 862 0 0 662 1153 0 0 0 +1496+649
0 0 96 1518 1844 688 1935 3431 1917 3021 1847 876 1649 2952 0 171 863 2278 538 0 0 0 1595 0 0 +1597+624
0 0 219 1439 1115 619 1557 2918 3179 1844 821 1381 1197 2273 0 1569 926 2718 61 0 0 0 1156 0 0 +1392+634
0 0 0 1281 1601 183 1640 2357 2538 1704 1301 1439 2980 2450 22 1294 1653 2346 1019 0 0 1403 0 0 0 +1425+603
622 1239 1118 2428 2219 257 2 2955 3431 858 0 2082 803 3187 0 412 1472 2104 511 0 0 0 1447 0 0 +1338+775
0 0 0 2104 912 738 1123 4740 4058 1737 0 2352 469 3784 0 0 1571 1435 1723 0 0 0 1745 0 0 +1579+760
0 0 209 2538 0 795 1261 2871 2729 1635 5 2347 2133 2535 0 2109 121 2791 1372 0 1460 1054 2664 0 0 +1497+728
0 0 0 1032 2117 853 1145 4234 3271 2190 0 1053 1159 2120 1799 0 2801 1223 1879 1395 0 0 0 1663 0 +1483+778
0 0 1351 2322 112 559 3387 2789 3612 1426 1939 1295 1044 2569 0 1923 987 1148 2359 0 0 0 1722 169 0 +1756+680
0 0 478 1172 988 0 267 4044 2726 0 0 0 2615 1161 216 969 3366 1684 0 0 961 39 0 0 0 +1001+747
0 0 345 1270 690 0 0 2335 3903 1230 0 762 2145 1933 547 624 2222 1366 81 0 667 495 0 0 0 +862+700
0 0 0 0 0 0 759 243 437 368 376 1408 1328 366 0 121 1261 807 0 0 0 14 0 0 0 +332+443
0 0 151 1644 681 0 0 359 3148 1183 0 539 2915 1608 525 824 3217 1394 98 0 418 563 0 0 0 +794+768
0 0 312 1573 803 0 0 1167 3989 828 0 193 2236 2033 46 693 4042 1050 50 0 889 201 0 0 0 +896+710
0 0 28 763 877 0 0 1534 3989 586 0 1115 2560 1378 185 1003 2399 673 0 0 650 120 0 0 0 +718+731
0 0 0 1302 1355 0 0 1271 4771 1700 0 1913 2886 1096 0 636 2053 215 0 0 323 0 0 0 0 +992+727
0 0 246 1177 945 0 0 1245 3718 1116 0 525 2075 1538 225 629 1719 767 0 0 534 0 0 0 0 +883+724
0 0 140 1525 1040 0 0 2023 4149 22 0 1274 2630 1361 0 1364 1960 735 0 0 419 0 0 0 0 +941+857
0 0 137 1176 1020 0 0 1564 3976 631 0 1114 1875 1456 261 813 2571 846 0 0 594 598 0 0 0 +863+698
0 0 46 1543 1005 0 0 566 4168 817 0 1135 1978 1255 463 1211 2762 676 0 0 334 0 0 0 0 +928+745
0 0 0 1650 1362 0 0 80 4448 552 0 858 2362 1405 0 841 2799 558 0 0 411 0 0 0 0 +946+788
652 1380 2543 2461 1799 817 2104 5959 3225 965 1612 2120 5648 1188 0 111 1499 2964 89 0 0 977 224 0 0 +1093+576
264 1665 1899 3761 1340 636 2327 6487 2435 0 525 1868 6105 370 0 1190 3033 2776 0 0 0 92 944 0 0 +1143+629
61 1093 2182 2937 2405 546 3145 5757 5517 193 1305 1596 4656 2841 0 709 219 1663 1165 0 0 0 0 901 0 +1257+601
195 1136 1462 2783 1911 1049 1837 4056 4665 1227 251 1613 4777 3102 0 417 2487 4357 0 0 0 1009 876 0 0 +1125+592
0 1149 3243 3596 1411 383 3025 6220 2970 0 897 1981 6866 478 0 1309 2700 2760 0 0 0 714 285 0 0 +1217+649
0 31 196 1870 1603 520 2825 4774 4974 808 867 870 3877 3562 0 1029 1614 4103 1106 0 0 232 1626 0 0 +1084+527
0 594 436 1666 2285 728 2435 5651 4020 1070 1092 1512 5071 2343 0 916 1911 3532 84 0 0 910 42 0 0 +1089+555
0 781 1234 3848 1268 503 2321 5801 4015 0 958 1384 6724 1944 0 1052 3379 3165 138 0 0 0 977 0 0 +1170+589
0 1327 2320 3889 1487 0 2120 6163 4023 0 6 1906 6632 781 0 1201 2866 3255 0 0 0 0 827 0 0 +1171+648
230 1128 1723 2782 1264 973 2986 5587 4703 3 1292 1606 5437 1525 0 787 943 3845 0 0 0 3 1222 0 0 +1214+586
58 951 1587 2571 1774 610 2359 4589 3590 846 965 912 4322 2280 0 1045 2546 3403 991 0 0 34 722 75 0 +1020+582
0 0 0 2472 817 164 3394 5783 6954 831 120 1685 6403 3968 0 1053 2094 2905 1659 0 0 0 0 1012 0 +1464+590
0 0 311 1280 507 0 1212 1562 712 1490 904 1377 2764 2524 19 27 2038 1133 165 0 410 86 0 0 0 +735+568
0 0 0 161 562 0 1278 1801 1573 1668 1055 2897 1637 3470 102 351 3394 2074 42 0 674 224 0 0 0 +951+585
0 0 306 1232 1534 0 1656 4053 2563 1030 742 1866 3619 1697 0 224 2009 784 0 0 0 454 0 0 0 +929+652
0 0 265 1033 0 0 421 3079 1911 2046 0 1730 1431 1589 549 1514 949 2549 1107 0 1282 2001 392 0 0 +686+664
0 0 1051 1962 1549 0 1048 3300 2744 1587 0 2398 3442 1360 152 0 1383 481 0 0 549 231 0 0 0 +890+620
0 0 467 1241 1060 0 588 3011 2902 784 0 2407 3047 1087 0 0 1524 295 0 0 499 164 0 0 0 +814+529
0 0 888 1456 1126 0 1344 2401 1944 1558 921 1606 2944 1781 0 695 2796 563 0 0 545 261 100 0 0 +863+584
0 0 897 1596 1100 0 1609 2352 2425 838 983 2022 3333 1398 0 196 2135 429 0 0 607 282 0 0 0 +861+553
0 0 1077 1668 1548 5 1321 3211 2805 1607 1118 2213 2344 961 0 0 1388 242 0 0 628 262 0 0 0 +968+554
0 0 1416 1778 1571 0 1904 2268 2086 1892 924 1620 2610 1907 459 617 2561 1318 36 0 674 223 0 0 0 +926+647
0 0 723 1241 531 0 954 2759 2188 954 696 2337 1994 1383 0 0 1433 316 0 0 341 202 0 0 0 +781+526
0 0 695 1470 1210 0 773 2483 2299 1058 0 2903 3254 1149 75 0 947 514 0 0 526 371 0 0 0 +899+525
0 0 0 359 406 0 369 723 2546 1166 638 835 1797 1641 0 68 2401 2367 59 0 0 928 233 0 0 +678+393
0 0 0 131 1033 350 310 758 2013 167 416 870 2266 1891 0 0 1430 2111 0 0 0 1511 6 0 0 +878+444
0 0 0 24 516 6 566 1112 1551 876 301 1540 2147 676 0 68 1509 356 0 0 571 654 0 0 0 +764+342
0 0 0 765 479 35 799 2365 3613 428 866 2160 2950 1545 0 0 2464 2757 0 0 0 735 0 0 0 +751+442
0 0 0 211 1102 0 399 1173 3582 1669 0 2072 3110 1197 0 72 3272 2516 0 0 908 39 0 0 0 +941+407
0 0 0 540 1017 84 1206 2540 3238 333 898 2929 4237 354 0 616 2807 480 0 0 115 742 0 0 0 +922+381
0 0 0 250 1014 0 1037 2695 2176 359 0 1641 3396 18 0 998 2460 80 0 0 61 0 0 0 0 +1109+441
0 0 0 146 714 0 117 1174 1637 135 739 1953 2419 411 0 229 3266 478 0 0 472 340 0 0 0 +822+405
0 0 0 351 1076 55 839 1765 2205 240 872 1830 1708 76 0 0 2665 324 0 0 3 2077 0 0 0 +902+445
0 0 14 999 1066 0 990 2564 2226 127 0 2206 2801 38 0 160 2327 213 0 0 861 0 0 0 0 +884+455
0 0 0 694 584 27 665 1584 2936 145 718 2817 2569 363 0 241 3779 640 0 0 356 504 0 0 0 +877+397
0 0 0 6 550 0 495 963 1511 168 63 2203 2600 446 0 370 3603 1583 0 0 89 1491 0 0 0 +809+370
0 789 186 997 0 0 1287 1370 1065 0 355 643 1687 1020 144 95 101 1155 1381 1272 0 260 1265 967 0 +1110+473
541 1077 741 1251 0 758 785 1325 1350 0 0 720 1957 1564 209 0 165 937 2542 1534 0 0 454 1569 451 +1130+458
641 1035 521 976 0 737 568 1352 949 0 70 557 2192 1429 338 0 150 534 2542 821 0 0 584 2006 454 +1160+433
426 859 1091 965 0 945 660 1217 1098 0 8 1145 2317 327 157 122 5 2661 364 1021 83 1031 1169 435 0 +1086+430
351 784 158 951 0 662 1249 1148 1653 40 0 333 997 1667 368 0 208 152 2293 876 0 0 452 1346 571 +1048+404
510 819 649 676 0 630 1042 1776 121 0 0 852 2031 181 965 93 104 2421 825 935 0 522 1411 1264 0 +1069+426
370 1170 117 867 0 801 994 1506 1603 0 317 696 2108 1768 0 0 418 1517 1236 1576 0 1054 873 1717 80 +1160+467
0 1519 739 1207 0 352 1039 1512 1043 0 0 559 2295 1133 79 0 187 1139 1878 1611 0 0 688 1961 285 +1138+458
0 1177 874 773 0 397 631 1462 600 0 12 770 2428 520 468 55 239 1917 966 1379 0 0 1421 1548 7 +1084+468
96 1251 621 1162 215 648 624 1126 1237 0 0 730 2072 1187 110 0 161 1409 1919 1597 0 143 1160 1198 87 +1073+466
502 878 1148 1319 0 998 818 1187 1918 0 0 418 2345 1568 706 0 155 959 2597 1216 0 0 806 1783 0 +1177+483
0 1012 1455 998 0 391 1507 1808 1092 0 0 106 2076 991 818 0 172 1603 2184 1054 0 524 1252 1429 0 +1159+495
0 0 0 1746 1055 0 1107 3616 4746 1941 0 562 6459 6320 114 250 760 4382 2644 146 277 1478 1355 890 0 +1593+458
0 0 103 2472 1066 0 2540 5577 5183 1929 1257 3946 3464 5065 776 3390 1311 2644 4781 1228 1587 819 1170 570 0 +1625+426
263 322 0 1652 588 278 1719 3480 3832 1640 2687 2309 4186 6422 67 1138 3473 1682 4642 101 0 1917 1834 479 614 +1654+456
0 0 0 632 1573 0 407 3571 6751 1762 1138 2745 4874 4753 235 1776 3395 3175 4667 641 37 2541 1240 0 0 +1714+467
0 0 0 1475 1398 272 1905 3621 5387 1275 2774 12 5280 5635 0 1084 2126 6273 2981 175 0 1009 2461 2692 97 +1684+477
0 0 36 2696 48 96 1693 5757 3910 0 2087 644 7456 3145 0 1453 3247 6550 2032 0 0 1858 1616 2404 507 +1697+532
0 0 0 1962 866 0 542 2508 5840 1514 966 1589 4877 6744 0 2227 1397 5217 2037 92 1282 2251 1770 3530 152 +1659+565
0 0 0 1573 1681 0 1667 4217 5494 2164 1795 2239 5166 6056 295 1455 3914 3230 1956 141 0 1849 1431 1605 176 +1683+517
0 0 251 1661 1904 0 1222 3342 3947 1818 1900 1400 5915 5403 441 1565 3379 6218 2037 0 279 3033 1850 2182 370 +1594+460
0 0 0 1359 1864 0 1023 3635 4718 2179 1295 1585 6835 5950 86 1711 4447 4907 1541 0 0 1920 815 2223 139 +1534+523
0 0 0 1031 1704 0 270 3293 4825 1873 1053 1518 7584 4930 0 2243 4366 5290 1278 0 0 1807 984 1746 352 +1586+491
0 0 45 2680 1050 0 1546 4570 2630 1592 1013 5100 5209 864 0 1560 6757 3919 0 0 32 1803 1710 341 172 +1637+477
0 1551 2097 3213 0 0 2186 2685 3919 0 0 1377 6432 1724 0 0 680 4287 1536 0 0 0 1841 552 0 +1460+735
0 1263 2008 2481 0 0 2282 2352 3538 0 0 1397 5518 3154 0 0 0 2397 2133 0 0 0 367 1230 0 +1460+735
0 1371 2034 3047 0 0 1886 3992 3642 0 0 820 4919 3541 0 0 0 2059 3435 0 0 0 1993 804 0 +1510+735
0 2379 2301 3478 0 0 2634 3436 2495 0 0 1122 5678 1430 0 0 0 3424 1719 0 0 0 1838 27 0 +1460+735
0 2416 2378 3333 0 0 2832 3877 2259 0 0 1448 5835 1461 0 0 0 3115 1448 0 0 0 1166 267 0 +1510+735
0 2234 3146 3743 0 0 1998 3214 3600 0 0 687 4418 3101 0 0 0 2960 1403 0 0 0 1351 0 0 +1460+735
0 2300 3146 3111 0 0 2503 4220 3307 0 0 656 5334 1279 0 0 0 2684 772 0 0 0 1829 0 0 +1460+735
0 1360 2210 2102 621 0 1988 3742 4350 0 0 1538 5605 3677 0 0 0 2223 2800 0 0 0 322 887 0 +1560+735
0 1419 2103 1855 0 0 2650 3718 3968 0 0 1843 5330 3234 0 0 0 2940 2134 0 0 0 676 363 0 +1510+735
0 2100 2322 3164 0 0 1899 3159 3179 0 0 1734 4936 2629 0 0 0 3380 1637 0 0 0 565 1752 0 +1510+735
0 2248 1504 2613 0 0 3379 3041 2923 0 0 2086 4876 3322 0 0 102 2361 2650 0 0 0 1748 1522 0 +1510+735
0 1869 1355 2743 0 0 2654 2788 3501 0 0 2123 5594 3075 0 0 871 3991 1500 0 0 0 2817 260 0 +1560+735
0 0 516 1444 1636 58 3483 4008 3197 2363 319 2092 3030 3287 748 334 1182 1570 1400 0 0 0 544 1356 0 +1092+500
0 0 122 587 2201 132 3516 5568 1820 3126 0 1088 3690 3366 120 745 3332 3057 1877 0 0 0 990 945 0 +1214+630
0 750 2048 2739 153 267 2132 3102 3532 1476 407 1950 2854 2881 1612 51 168 1206 1808 124 0 0 2 1365 0 +1187+473
0 836 2193 2110 222 433 2418 3412 2067 3253 104 1449 2026 2812 1427 977 2819 1106 2262 446 0 0 0 1414 0 +1106+541
0 459 1298 2498 710 0 1994 3774 2793 2149 0 1798 2360 2909 2108 711 2841 2570 1716 671 0 0 65 2026 0 +1133+531
0 237 754 1535 134 0 2056 3027 3198 851 199 1152 1393 3275 2047 335 1590 1791 2941 2015 297 50 255 890 593 +1010+485
0 539 1807 2959 133 145 1201 3018 3400 2124 122 1929 2569 1688 2573 753 1231 1469 1337 593 0 0 0 1946 0 +1116+509
0 348 1913 2842 6 0 1257 3661 2996 1413 38 2185 3298 2306 2665 1166 1355 1772 1687 0 0 0 450 1734 0 +1159+552
81 2742 5092 1039 46 256 2184 4202 1554 70 1030 2527 2940 1607 0 817 471 1566 1362 0 0 0 836 1182 0 +1091+677
0 0 998 2973 1597 0 601 2910 4003 3066 0 534 1964 2742 2823 620 1219 1718 1946 82 0 0 15 2296 0 +1176+650
0 516 1428 3100 391 0 1040 2624 3197 2761 0 1377 3182 3369 1884 598 2068 2020 1691 403 0 0 1007 1297 0 +1136+605
0 413 1216 2684 770 0 1536 2917 3552 2091 0 1280 2681 3275 1576 705 3153 1752 1783 306 0 212 913 1237 0 +1144+588
0 1118 1426 0 792 351 2019 1563 2746 1033 5 1499 890 1291 316 0 659 2003 3100 1309 0 178 1088 1882 476 +1010+485
0 494 1126 560 341 0 1732 1575 2491 709 0 1090 953 1276 0 0 893 2740 4281 0 0 0 744 982 0 +960+485
0 217 1331 704 376 0 1644 1344 2610 372 0 1194 2618 2024 395 0 0 1651 4085 251 0 0 0 0 0 +960+485
0 948 1160 648 0 548 1499 1848 1652 0 411 2702 2849 693 0 0 1180 2587 946 0 0 0 0 0 0 +960+485
0 262 1484 861 0 0 1630 1307 3025 0 0 1889 1827 2114 0 0 1084 2674 4067 0 0 0 0 0 0 +960+485
0 1925 1502 1833 0 0 1299 1585 1892 0 0 2694 3063 2047 0 0 920 1369 1603 0 0 0 0 0 0 +960+485
0 602 1424 603 131 11 1406 1561 3078 168 0 1527 2143 1798 0 0 866 3041 3517 0 0 0 0 0 0 +960+485
0 925 1215 701 0 122 1700 1561 3016 0 0 1509 2288 1602 0 0 610 2504 3472 0 0 0 0 0 0 +960+485
0 897 1923 2335 226 0 944 1044 1931 171 0 358 2861 3980 0 0 0 1174 2128 0 0 0 0 0 0 +960+485
0 253 1463 861 545 0 590 1836 2963 512 0 1498 2119 2223 0 0 682 2355 4588 0 0 0 0 0 0 +960+485
0 1144 1096 1361 0 0 1543 1756 2458 0 0 1246 3007 2850 0 0 758 1731 1767 0 0 0 0 0 0 +960+485
0 387 1124 1235 53 0 1833 1480 2825 104 0 1396 2365 2548 0 0 512 1645 2918 0 0 0 0 0 0 +960+485
462 1110 1744 1781 1224 541 425 1846 3654 399 0 0 4494 1406 0 0 2373 2636 0 0 53 1511 0 0 0 +1258+657
438 820 1277 2525 2057 0 0 337 3284 286 0 0 4841 1302 0 0 1665 2483 0 0 0 2760 0 0 0 +1272+596
707 1729 1982 2816 947 0 0 2004 400 0 0 990 890 0 0 86 1811 0 0 0 1268 104 0 0 0 +1216+548
376 432 568 1681 2035 0 0 827 4612 519 0 62 4940 940 0 0 2610 1749 0 0 742 820 0 0 0 +1282+529
595 1625 1601 2331 2158 0 0 53 2862 173 0 0 3398 381 0 0 1238 899 0 0 0 1553 0 0 0 +1399+578
257 1448 1669 2247 1599 212 212 1985 2024 653 0 0 2880 922 0 0 2266 2945 0 0 0 2592 0 0 0 +1213+541
321 743 1121 2031 1590 141 0 967 3721 457 0 0 3951 1943 0 0 1353 4071 0 0 0 1630 81 0 0 +1255+538
0 0 174 1197 1925 424 878 1548 4946 311 0 0 4994 1540 0 0 1327 3447 0 0 0 2937 49 0 0 +1372+546
0 266 1712 2968 2700 1234 2017 1179 4031 1065 0 0 441 4807 0 0 0 4519 460 0 0 0 2633 0 0 +1332+695
139 736 937 1955 2264 323 49 1425 5281 60 0 107 5924 318 0 0 2517 1137 0 0 0 1756 0 0 0 +1406+548
0 0 511 1587 1555 446 871 777 3659 577 0 0 2255 1578 0 0 0 3466 0 0 0 455 936 0 0 +1227+531
405 924 1828 3465 2436 118 0 0 3309 1150 0 0 1362 4489 0 0 0 2822 970 0 0 0 1906 0 0 +1469+562
977 2123 2231 1110 639 494 1120 3073 1249 1485 0 584 3541 3428 0 14 2383 4089 17 0 0 1915 64 0 0 +1230+520
524 1580 880 344 0 1351 1133 3267 3016 1472 0 338 3709 3484 0 0 673 5291 100 0 0 2011 570 0 0 +1435+536
1267 1505 2872 589 1040 139 448 3565 660 1803 0 1639 4326 1577 0 0 2578 2279 0 0 0 2087 0 0 0 +1241+533
1167 2691 2847 693 1111 290 729 3536 1905 1273 0 2104 4507 2833 0 706 4165 2699 0 0 120 3097 0 0 0 +1340+570
1184 2353 2052 482 2111 698 1523 4056 4509 814 234 3896 4781 1014 0 787 4236 1441 0 0 536 2522 0 0 0 +1354+582
682 2867 2935 736 556 331 928 4496 1828 2744 0 3186 4466 2279 0 0 3946 3156 0 0 0 3169 125 0 0 +1409+623
1780 2656 2445 302 1260 435 2944 2388 3429 52 762 5154 3659 132 0 756 4746 393 0 0 1023 622 0 0 0 +1324+594
1377 1940 1925 0 2030 593 2445 3865 3763 1122 0 2299 5169 1436 0 0 3850 3680 0 0 596 3394 0 0 0 +1314+630
1165 1784 531 0 2126 1287 2746 3261 1760 223 34 3632 1846 96 0 661 5206 401 0 0 708 1357 0 0 0 +1218+651
748 2364 3086 744 980 153 921 3896 2528 1123 0 2025 4721 462 0 0 3517 803 0 0 1166 1249 0 0 0 +1119+519
1004 2060 2487 1310 493 0 694 3415 1721 1459 0 2710 4056 2060 0 0 3685 1325 0 0 1660 1166 0 0 0 +1289+522
1269 2242 2959 194 1418 503 1779 2632 2241 1033 39 3652 2660 802 0 907 4178 808 0 0 1718 912 0 0 0 +1225+561
0 804 870 800 870 0 1411 1987 1454 1272 274 1363 2896 1745 8 308 1172 3152 1769 377 0 882 1493 0 0 +858+463
0 0 0 0 57 0 2336 1759 1763 1899 0 699 2928 2537 77 558 1017 3216 1953 558 6 1203 2382 275 0 +952+492
75 849 627 881 1020 524 2184 2383 2210 558 318 1082 2091 2670 573 129 687 3120 1676 72 0 523 2543 0 0 +983+460
0 910 934 470 1027 0 2087 2065 1891 932 344 1480 2035 2090 0 181 919 3449 1445 0 0 757 1477 0 0 +827+479
170 784 507 898 447 360 2467 2060 1591 263 253 2145 2667 1669 372 317 949 2616 1636 383 0 731 1582 366 0 +831+462
53 767 603 993 250 388 2491 1574 1982 31 72 1965 1880 1819 595 368 846 2396 1813 77 35 934 2442 140 0 +889+484
0 936 1412 875 75 0 1262 2490 2314 1175 134 1251 2788 2718 760 481 1476 3004 795 422 0 0 284 96 0 +882+434
0 373 822 610 959 0 2164 1927 1471 679 74 1471 2265 1938 676 532 1498 2786 1122 324 0 1673 1420 0 0 +856+489
0 0 0 234 1227 72 2291 1233 1932 1029 6 2098 2145 2191 128 554 1310 2754 1737 806 0 1198 1832 95 0 +910+440
95 1997 921 1504 0 482 1928 1560 1129 0 563 2168 2915 566 0 468 2004 2758 298 0 0 1602 621 0 0 +776+529
0 495 439 666 929 0 2131 1292 1796 958 0 1349 2316 2245 573 332 1314 2930 1205 399 0 782 1448 0 0 +855+451
0 5 0 153 1060 0 2555 1756 2546 878 0 2035 1465 2437 46 407 999 2720 2054 1193 86 426 2148 226 0 +921+454
0 164 530 575 825 142 951 938 1355 2 345 1130 1078 1378 0 0 595 836 166 0 0 899 0 0 0 +1065+364
0 150 408 552 823 232 1275 1034 1434 591 0 0 113 1674 894 0 12 1241 278 0 0 984 84 0 0 +1027+339
0 629 707 838 0 445 644 1189 963 838 0 11 2064 243 0 0 1051 742 0 0 364 985 0 0 0 +1123+412
0 0 0 0 0 0 1064 1779 1043 664 0 384 1177 1656 1140 0 0 968 1231 1097 0 0 290 853 0 +1062+562
342 799 824 211 572 419 875 1295 1029 136 0 0 1108 706 0 0 0 0 1238 0 0 0 425 663 0 +1021+418
604 852 1151 957 0 342 51 1509 1731 953 0 0 592 1136 0 0 0 0 1502 0 0 0 566 729 0 +1145+468
128 1059 759 23 216 591 1363 1061 1238 441 0 351 1145 1651 705 0 82 45 1016 769 0 0 436 899 0 +1059+396
0 660 626 1287 224 120 787 1012 1306 326 248 1228 1208 984 816 0 0 529 1436 1013 0 0 780 573 0 +1197+402
0 487 889 1172 0 0 344 1344 2018 906 0 0 1063 1314 1242 0 0 0 1507 95 0 0 0 1143 0 +1192+491
639 1099 1574 0 0 367 1534 1388 965 0 348 1621 2026 0 0 0 0 1396 15 0 0 0 1260 0 0 +1181+537
240 774 1320 715 0 493 1239 1045 501 0 129 1377 768 1334 0 0 34 1711 168 0 0 1009 185 0 0 +1246+497
134 1100 757 1434 0 59 607 2470 1124 0 0 1190 607 1412 1406 0 0 1475 560 0 0 1046 474 0 0 +1353+523
0 0 0 914 1182 93 1542 2651 3480 1235 0 1785 3338 4553 675 778 2670 2950 3049 0 635 1285 1095 0 0 +1211+673
0 0 380 1845 0 1835 2581 4735 2946 948 357 3013 6174 1663 0 21 3752 4672 411 0 1003 2513 616 0 0 +1238+860
0 0 56 1206 0 1096 2692 4899 3101 1301 565 2780 5204 973 0 723 2623 4909 232 0 813 1466 501 0 0 +1184+768
0 0 36 1805 0 216 3221 4075 2935 805 0 1858 6634 1598 0 248 2715 4762 1124 0 1364 1196 993 0 0 +1227+826
0 0 574 2132 0 1555 3292 6066 3072 1242 0 1925 6555 3490 557 576 3513 3747 2103 0 2373 812 1074 0 0 +1341+755
0 0 0 2265 16 265 3161 5048 5447 1446 0 1528 6386 3264 0 34 2913 4485 1171 0 1522 456 299 0 101 +1376+911
0 0 0 1078 383 2145 3936 5588 5081 1084 292 3813 5722 3742 0 893 1452 4568 791 0 696 2357 193 0 0 +1242+899
0 0 0 1373 0 1335 1972 4614 3886 1465 446 2308 6085 3865 86 96 4011 4028 3265 0 621 477 2120 97 0 +1362+722
0 0 0 932 424 878 1031 3480 4672 875 854 2625 4681 3873 0 861 2798 3533 320 0 1751 1336 0 0 0 +1349+897
0 0 0 503 1371 1820 3376 2860 6048 1768 539 1143 3604 5634 2287 0 1697 2423 3175 0 742 246 1228 0 0 +1118+802
0 0 0 0 2022 1902 2558 2137 3765 1186 718 1796 5622 7269 2074 0 3106 4890 3204 0 0 1407 1319 0 0 +1247+869
0 0 0 1387 218 0 18 2307 2283 836 1396 2478 7300 2560 182 0 4155 5907 1562 0 0 2482 1301 0 0 +1355+870
0 0 0 1165 198 0 210 1550 3328 1028 346 2284 3066 1766 74 551 1918 731 0 0 255 645 0 0 0 +842+482
0 0 0 1387 0 0 466 3272 3622 1155 1282 2286 2937 1580 0 343 2155 781 0 0 6 1085 0 0 0 +897+589
0 0 612 2313 279 0 873 4472 3860 645 1268 2536 3251 1367 0 1004 2475 567 0 0 0 709 0 0 0 +938+630
0 0 0 735 975 0 0 1256 1248 1553 403 2090 3737 3080 2065 2165 1108 2535 1719 0 627 1630 0 0 0 +937+638
0 0 0 532 902 0 11 1949 3354 1440 314 2356 3434 2638 247 1541 2289 1227 71 0 0 720 0 0 0 +866+601
0 0 0 686 1104 0 0 1738 2761 1975 298 3233 4274 1975 624 2317 1559 2802 160 0 0 918 90 0 0 +970+687
0 0 0 1191 304 0 181 2333 3576 2566 549 2017 2894 1312 402 0 1905 235 0 0 0 592 0 0 0 +853+553
0 0 0 1608 166 0 0 2378 4743 510 752 2127 4167 2056 362 1287 1513 2213 108 0 0 866 0 0 0 +875+684
0 0 0 1105 0 0 0 1469 4490 1763 156 1654 4185 2045 165 1072 571 3090 587 0 715 1707 125 0 0 +770+643
0 0 311 1902 1346 0 1065 2893 3553 1600 828 1889 2536 2650 67 207 1133 1996 0 0 0 0 679 0 0 +750+619
0 0 152 1307 0 0 233 2587 3730 847 492 1906 2994 1238 0 1007 1690 626 0 0 0 779 0 0 0 +791+559
0 0 85 1600 7 0 250 3416 4528 1951 624 2574 3913 1250 0 1012 2302 412 0 0 0 1066 0 0 0 +984+603
0 0 260 1178 2575 620 2511 3756 5854 5009 170 505 2999 4129 2580 487 887 3404 3176 931 0 0 676 2356 0 +1440+580
0 0 0 1778 0 0 1563 3258 5592 2303 1310 1582 5917 5360 3332 329 2305 2559 4892 748 822 1727 2593 869 0 +1583+603
0 0 0 1496 1617 0 672 3530 7238 1188 1401 3388 3741 6797 4680 0 663 4654 6335 2908 0 829 4922 3107 0 +1451+740
0 0 0 932 1793 411 3411 4020 5911 6579 1313 1041 2524 4253 2796 0 1377 3242 2601 0 0 1226 1914 1572 0 +1622+745
0 0 608 4521 2897 418 2474 6376 5474 3548 2062 1896 5137 4280 135 0 2886 5048 2668 0 169 2175 2849 1359 0 +1402+701
0 72 1087 3961 116 1308 3054 6053 6144 2921 905 1160 4550 4383 947 0 1961 6293 1658 0 436 2035 1652 397 0 +1504+711
0 28 1143 2558 1201 881 2982 4109 5207 2680 1513 940 2835 3345 1509 16 2200 3597 2521 0 726 2160 584 446 0 +1438+760
0 0 0 1630 616 114 1531 4386 7084 2111 2524 2792 6991 6031 2646 0 2857 4171 3069 0 0 948 2509 47 0 +1568+711
0 0 30 1980 2000 118 1524 4193 6473 3391 1991 2105 3851 4629 2456 0 391 4139 4789 1169 342 3482 4007 2002 0 +1392+631
0 0 3326 1935 644 2043 2977 7398 2928 295 0 3007 5768 1103 0 21 2702 5935 2826 0 326 2348 436 21 0 +1680+727
0 0 440 3666 2010 744 2034 4673 5177 4372 1034 1165 4695 5090 1964 0 755 4864 3906 131 128 2341 3136 2929 0 +1379+673
0 0 678 3054 1608 587 2424 4940 6082 2481 2165 1402 4811 5110 1703 0 1381 4527 3669 190 818 2288 3213 1592 1 +1527+692
0 0 665 716 0 380 1457 2543 212 0 0 1056 2275 531 1236 370 1532 617 532 907 0 0 0 392 0 +733+504
0 91 1501 412 0 335 2727 2741 893 1403 894 1351 1421 451 1106 240 0 0 1250 0 0 0 0 590 0 +817+498
0 425 1333 1881 0 0 1201 1964 1201 673 1007 1125 1685 469 960 0 0 0 0 1343 0 0 0 0 11 +944+518
0 0 673 826 0 486 2201 2369 828 0 316 1502 1757 968 716 841 783 233 250 1131 0 0 0 0 399 +785+514
0 0 0 594 516 0 555 1098 1444 16 0 867 1654 1070 0 46 1577 492 715 0 276 77 0 119 532 +703+394
0 0 193 1058 0 152 1287 3062 595 0 140 1849 1113 1099 735 838 262 1774 700 969 0 0 159 0 512 +806+473
0 0 108 1009 0 252 1327 2252 1179 0 100 911 1405 623 0 580 1521 6 761 454 143 0 0 0 568 +665+492
0 0 1270 590 0 315 1813 2223 836 687 81 1546 784 1598 805 1011 277 1326 205 941 0 0 12 0 306 +613+518
0 13 950 221 0 103 2121 2479 329 370 185 1432 1700 1219 1008 1100 384 1523 131 1097 0 0 0 0 170 +759+537
0 0 337 417 0 406 1028 2311 119 0 259 1283 1270 709 396 404 1580 49 731 838 835 103 0 0 213 +653+516
0 0 159 526 0 94 891 2482 327 0 374 2029 1791 392 608 443 1475 586 755 678 462 8 0 0 356 +632+527
0 0 909 194 0 377 1534 2474 408 0 508 1169 1254 765 0 0 795 7 744 0 0 0 0 628 415 +802+509
0 0 782 25 1057 204 3777 2749 1919 71 1311 3813 3596 215 0 956 3038 1338 0 0 1065 1251 0 0 0 +1169+530
0 452 1526 562 916 0 3183 3409 2043 0 0 1861 1957 0 0 9 1953 0 0 0 1180 210 0 0 0 +1257+430
0 0 669 957 508 0 1178 3640 3880 939 0 1062 4231 953 0 0 2384 1856 0 0 487 1226 0 0 0 +1253+398
0 20 634 1071 1450 0 1760 3680 3104 348 0 1114 3758 409 0 13 3926 768 0 0 1071 902 0 0 0 +1053+454
0 85 700 1406 600 0 1137 3604 3272 929 0 758 2540 654 0 0 1322 606 0 0 521 832 0 0 0 +1236+367
0 588 1006 916 949 144 3028 3586 3551 69 16 2383 4097 144 0 103 3269 158 0 0 658 785 0 0 0 +1236+385
0 253 1485 912 1298 0 2013 4012 3913 447 0 1310 3075 149 0 0 2691 213 100 0 1284 468 0 0 0 +1220+501
0 847 1827 1177 707 0 2306 3495 2571 497 0 1293 4896 361 0 0 3282 398 0 0 758 646 0 0 0 +1296+416
0 325 823 1049 555 470 2713 2675 3737 741 173 2986 4773 857 0 0 2957 1165 0 0 557 1447 0 0 0 +1181+379
0 330 720 550 889 85 2536 3809 1905 66 0 2117 2686 50 0 11 2737 99 0 0 823 1089 0 0 0 +1116+404
0 0 565 861 1049 0 2182 3418 2548 70 0 2979 2928 60 0 90 3487 166 0 0 983 848 0 0 0 +1167+434
0 121 653 1340 490 116 2702 3365 3293 429 147 2978 3637 250 0 325 3530 677 0 0 131 1218 0 0 0 +1292+363
0 0 0 99 179 1300 2286 3642 2956 1622 0 39 3220 24 0 118 2511 1194 0 0 0 428 0 0 0 +585+732
0 0 0 0 607 1173 1884 2279 3039 1038 0 1318 2379 437 0 255 3623 992 0 0 0 708 0 0 0 +753+700
0 110 520 328 392 1465 2379 3525 2817 1420 0 32 2863 523 0 11 1967 1582 0 0 0 473 0 0 0 +624+819
0 0 0 219 670 1539 2047 2770 1907 538 906 2129 3758 848 0 475 3125 873 0 0 0 559 0 0 0 +579+793
0 0 0 386 305 1214 2496 3551 3182 1615 0 10 2245 413 0 0 1231 1529 0 0 0 31 238 0 0 +491+746
0 0 542 768 725 1214 2740 3668 2225 1034 28 1187 2813 104 0 600 3252 497 0 0 0 298 0 0 0 +570+732
0 0 0 0 604 946 2785 3590 2362 363 590 922 2354 0 0 498 2801 566 0 0 208 1907 0 0 0 +531+819
0 0 0 13 289 677 1758 3794 2594 1017 590 1067 2436 58 0 69 2626 489 0 0 0 297 0 0 0 +533+742
0 0 27 458 619 1404 2530 4254 3372 1231 0 0 2844 152 0 0 1377 2021 0 0 0 36 248 0 0 +520+773
0 0 0 16 259 512 1073 2437 2517 1578 881 1103 2462 390 0 0 1313 1956 0 0 0 875 151 0 0 +574+760
0 0 119 310 164 861 2303 3491 2827 1742 697 464 2442 89 0 0 984 2156 0 0 0 0 313 0 0 +503+852
0 0 0 0 830 645 2519 2868 1759 994 903 1624 2177 407 0 0 2790 1640 0 0 0 474 92 0 0 +639+830
0 0 1321 3619 1910 0 850 4094 4787 1732 170 2776 4194 1126 0 23 2272 406 0 0 1026 250 0 0 0 +1290+625
0 1180 2018 2681 1023 4 1850 5473 3149 548 992 3096 3672 498 0 1026 2288 396 0 0 859 386 0 0 0 +1249+546
0 927 2886 2599 167 431 1526 4661 2825 599 753 3103 4001 571 0 537 1673 841 0 0 54 1225 0 0 0 +1285+486
0 559 1921 4497 2779 0 291 4852 5943 849 0 1376 5288 69 0 0 2194 96 0 0 1423 206 0 0 0 +1492+668
136 1629 2127 2395 1914 318 2179 5636 3304 322 1062 4905 4244 432 0 1003 2930 228 0 0 1109 489 0 0 0 +1490+526
0 809 3344 3930 1120 0 1667 6259 3877 24 0 2561 4924 85 0 0 2351 544 0 0 0 947 0 0 0 +1464+564
0 621 1995 3806 828 0 1513 6736 2972 335 1 5257 3652 394 0 829 2987 0 111 0 1312 78 0 0 0 +1413+650
0 1313 3482 2702 545 59 2755 5472 2635 476 1515 3900 3584 178 0 609 2274 158 0 0 444 707 0 0 0 +1402+528
0 794 1447 3001 513 107 1557 5743 2999 610 692 4343 4993 989 0 1330 3296 1741 0 0 0 920 0 0 0 +1286+532
0 946 2920 3300 683 11 1749 5647 3201 330 467 4179 4077 436 41 8 2193 79 0 0 893 297 0 0 0 +1378+580
439 1486 3611 2645 654 457 2480 5265 1983 433 1253 4608 3172 307 0 710 2941 0 0 0 886 233 0 0 0 +1366+505
0 589 1377 2493 0 503 1868 6635 1906 831 986 5632 3878 473 0 824 2930 386 0 0 477 1274 0 0 0 +1459+498
209 1066 1441 0 542 1134 2327 1502 198 1332 80 2856 1607 1589 0 455 3180 3297 332 0 0 1875 2128 112 0 +987+490
172 888 1016 0 869 951 2818 1118 770 785 8 3057 1120 1607 0 975 3979 2262 239 0 0 2512 1971 0 0 +988+520
19 816 1353 23 0 878 2745 1814 55 1298 0 1821 2011 1196 305 650 2931 2296 930 0 0 1163 1727 634 0 +936+430
0 804 1352 33 0 418 2364 1886 31 906 347 2141 2219 1057 561 732 3228 2590 937 0 0 1464 1503 652 0 +961+445
270 744 1113 0 0 1238 2170 1580 0 1411 546 2323 1538 1139 367 575 3076 2255 915 0 0 1318 1719 409 0 +937+448
0 350 701 0 659 530 3107 1949 161 1170 30 2418 1906 1499 5 665 3328 2097 698 0 0 1565 1273 668 0 +894+447
0 797 1287 0 0 702 3021 1518 0 948 5 3071 2335 1050 475 767 2833 2270 802 0 110 1412 1559 409 0 +960+440
85 411 821 0 0 932 3014 1565 21 1274 6 2530 1934 1343 93 907 2856 3265 827 0 0 1268 1568 695 0 +923+455
0 164 806 184 1161 0 1595 3056 882 1439 0 651 3458 1539 296 0 1201 4360 1145 0 0 0 2527 1582 0 +963+602
0 534 1567 0 639 625 2955 2002 594 938 0 2562 2175 1571 0 749 3118 3092 123 0 0 1908 1537 738 0 +988+464
242 1151 1138 0 108 1294 2972 1389 81 1415 449 3826 1338 1423 58 610 3111 2254 1070 0 0 1647 1736 0 0 +946+521
158 291 1347 0 0 694 3049 2226 6 1284 49 2359 2720 1144 372 612 2361 2917 1379 0 0 1291 1402 870 0 +973+444
13 1999 2414 987 349 0 3834 4947 3448 2806 155 1574 3754 4301 64 411 1631 3721 2151 0 0 1486 482 0 0 +1374+494
570 2359 2436 1931 736 819 3601 5617 2835 2354 135 1026 4387 1773 888 768 2570 3058 2057 0 0 1085 1428 203 0 +1239+503
0 2468 2057 1798 894 0 2006 4913 4523 717 0 1226 4272 2516 0 861 2673 4137 837 0 0 1185 1248 0 0 +1335+529
52 1586 2086 1782 1896 206 3173 4665 5001 2411 7 1086 2888 4277 73 735 2526 3740 694 0 0 1133 109 0 0 +1374+461
0 1593 2381 2385 2526 121 2330 5432 4698 1439 0 947 3607 3693 0 857 2651 4616 884 0 0 1210 636 0 0 +1413+478
73 2366 2089 2794 598 293 3045 4794 5067 1058 76 2250 2870 3259 0 221 2123 3052 1281 0 166 726 0 0 0 +1458+447
214 2319 3041 2006 788 0 2832 5627 4071 851 545 2347 3230 2509 0 433 2838 2391 987 0 1480 44 0 0 0 +1407+499
0 880 2794 2078 1782 0 2304 4854 5832 2608 0 1551 4669 3900 0 448 2180 3401 640 0 16 1527 0 0 0 +1405+488
0 312 1769 2419 1481 54 3610 6337 5499 1967 332 3350 5868 771 0 581 4038 2917 0 0 0 1151 0 0 0 +1489+550
99 1632 1702 805 480 1068 3551 4631 3574 2736 12 2671 3818 3718 0 220 3159 4411 208 0 0 1172 836 0 0 +1398+519
0 690 458 580 2446 1515 4087 6027 5436 824 1528 2777 5936 2084 0 822 3301 4684 0 0 0 1538 457 0 0 +1480+527
0 311 428 920 1687 0 3044 5036 3648 2273 6 2956 4783 2747 236 613 2892 3009 2274 0 0 1059 826 126 0 +1374+526
0 547 232 0 0 0 533 1762 1758 1182 817 241 1526 1212 1112 743 718 554 1482 614 0 0 0 750 0 +624+505
0 0 0 262 223 0 830 673 1457 1048 360 801 1976 1741 1176 821 832 1716 1518 959 0 20 0 0 297 +636+450
0 891 596 1057 982 56 1146 1495 2383 1159 1076 1 1300 1391 1014 400 834 561 0 567 0 0 0 0 362 +647+574
229 567 116 0 0 0 470 1871 1922 911 696 1188 1337 1970 985 67 621 575 75 638 0 0 0 248 132 +591+430
0 223 0 0 0 0 478 1146 1281 635 313 763 947 2154 1230 395 905 1903 1509 953 0 0 0 62 233 +524+473
294 565 1 0 0 276 1070 1816 955 7 0 898 1839 2537 658 0 1660 900 1720 1173 0 18 540 707 364 +552+507
0 22 216 0 0 0 32 2001 1687 807 106 752 437 1851 728 782 276 1445 1423 1083 43 719 633 0 551 +487+505
0 170 355 0 0 0 26 1568 1312 175 0 698 1149 2022 1390 1027 170 773 1042 754 12 807 528 316 401 +580+535
252 657 0 18 243 0 852 1083 1601 1298 589 960 1579 1853 507 322 961 1244 613 605 0 22 123 137 117 +550+430
0 120 0 102 0 0 1165 1874 1763 1229 335 954 1732 1337 266 344 563 972 374 684 0 117 17 0 172 +484+446
0 209 370 359 93 0 350 1291 1619 1411 719 1103 1988 1126 547 85 809 943 949 207 0 0 0 260 0 +560+465
0 0 0 148 177 0 126 846 1470 881 148 1127 1380 1811 308 511 384 115 869 858 0 313 589 180 273 +524+420
0 181 604 314 0 380 1628 1288 1030 760 0 99 1358 730 319 0 0 1302 452 177 0 0 492 0 0 +651+401
0 223 435 262 0 255 1028 685 952 396 0 394 1328 522 273 0 0 1198 745 234 0 0 438 0 0 +616+354
0 162 400 0 0 377 1681 1416 863 532 0 586 757 225 0 0 584 1078 491 0 0 308 131 0 0 +616+351
0 352 445 288 0 361 1272 1333 1184 424 0 161 1258 976 71 0 0 1129 27 0 0 0 470 0 0 +636+374
0 287 450 0 0 341 1599 971 1103 703 0 742 715 582 0 0 482 1084 210 0 0 132 208 0 0 +595+354
0 0 0 0 0 0 11 323 330 221 0 613 476 526 80 0 382 713 422 114 0 0 0 0 0 +301+258
1 522 564 52 0 850 1511 1235 998 911 68 274 1148 707 91 0 46 1457 504 8 0 0 482 0 0 +633+399
0 411 621 0 0 316 1923 1685 1229 700 0 300 1197 818 82 0 108 1342 167 0 0 0 410 0 0 +648+388
0 18 588 67 0 0 1230 1969 1066 883 0 225 1424 431 46 0 0 1168 750 33 0 0 452 0 0 +573+446
0 233 460 212 0 298 1365 1476 1286 600 0 324 1237 509 145 0 43 1337 454 107 0 0 407 0 0 +606+358
0 353 375 224 0 211 1528 1385 965 515 0 77 1252 435 246 0 0 1388 407 170 0 0 394 0 0 +626+329
0 312 454 19 0 283 1729 1150 1018 482 0 212 1286 653 449 0 75 1177 162 82 0 0 416 0 0 +611+337
0 0 0 1153 407 0 0 1926 3669 1307 0 2131 4018 1465 0 1 2227 1242 89 0 912 152 0 0 0 +1019+476
0 0 0 693 661 0 0 1432 3528 1136 546 2493 3669 2155 0 214 1561 1684 14 0 0 924 0 0 0 +949+481
0 0 489 1157 0 0 535 2709 2762 1105 1307 3197 3568 652 0 0 1730 187 0 0 194 894 0 0 0 +1040+436
0 0 0 802 1038 0 114 1850 4008 579 1395 2485 4442 1457 0 32 1733 368 0 0 770 454 0 0 0 +1114+489
0 0 0 1518 0 0 0 2125 3179 1111 91 2043 4168 2064 12 376 3234 1610 3 0 132 956 0 0 0 +1015+510
0 0 0 1280 0 0 0 1416 3180 988 286 1825 3251 1662 0 817 2404 2594 0 0 0 798 0 0 0 +891+508
0 0 0 760 664 0 0 1883 3373 1081 906 3576 3410 1253 0 153 1945 633 0 0 903 0 106 0 0 +958+487
0 0 115 1461 613 0 0 1867 3048 564 764 3412 3770 1129 0 0 1353 1020 0 0 0 772 0 0 0 +844+516
0 0 0 1363 0 0 0 1609 3225 1115 164 1654 3911 2276 80 1004 2162 3038 182 0 0 867 24 0 0 +934+523
0 0 0 761 563 0 0 1511 3360 1083 0 1629 2625 2579 31 763 2956 2479 406 0 0 971 0 0 0 +945+516
0 0 0 107 1158 0 0 763 2324 2022 0 505 3084 2932 0 528 2181 3094 637 0 0 360 898 0 0 +903+522
0 0 0 1199 8 0 0 1498 2611 1141 346 1661 2410 2960 0 876 3571 2350 167 0 0 959 0 0 0 +869+518
0 81 1509 1315 378 481 1821 3059 208 0 0 1070 2820 793 253 0 511 1171 2300 811 0 0 544 813 0 +713+433
0 93 598 772 658 82 1252 1505 1407 926 419 1574 2653 1477 387 0 849 1798 2300 570 0 0 1158 403 0 +732+365
0 0 317 0 0 0 249 1705 1156 270 288 1561 2089 1528 0 62 932 1165 1833 351 0 108 390 788 0 +599+352
0 0 0 481 0 0 232 1169 1633 1020 149 1640 2414 741 823 0 779 627 2209 815 0 23 129 537 0 +670+327
0 88 812 1048 313 432 1069 2408 370 0 393 1626 2303 0 0 545 123 2616 998 478 0 33 1422 0 0 +664+391
0 0 0 821 0 0 31 842 1704 473 218 1329 1925 1276 36 222 1392 2590 1899 38 0 420 1486 834 0 +695+349
0 0 436 260 0 0 512 2118 1942 205 521 2095 2866 1009 188 338 987 2554 1634 0 212 0 1807 268 0 +686+393
0 0 0 732 0 0 24 868 2206 468 194 1113 2346 1536 0 163 1802 2462 1674 98 0 598 1707 443 0 +794+379
0 0 0 387 0 0 0 1009 1938 252 38 1442 2293 1470 0 55 900 2211 1577 285 171 150 981 406 0 +673+324
0 211 765 601 0 188 913 2334 514 0 125 1530 2504 1397 437 0 482 1603 1667 407 0 0 561 439 0 +663+368
0 0 41 305 0 0 848 1577 1589 99 142 1387 1795 1170 180 349 554 1997 1825 838 69 3 733 504 0 +649+335
0 77 506 468 74 6 1194 2214 724 77 95 1405 2537 5 0 427 75 1838 1020 685 0 0 281 731 0 +572+355
124 816 1100 603 0 0 840 1531 636 0 0 372 1419 1158 661 0 164 2285 141 0 0 526 807 263 0 +989+336
94 813 1082 308 0 0 860 1681 579 0 0 390 1698 1128 543 0 174 2196 235 0 0 519 863 199 0 +1015+314
73 759 1055 870 0 0 805 1259 982 0 0 128 863 1884 388 0 23 1192 1771 0 0 213 823 947 0 +945+311
126 843 1099 440 0 0 679 1798 659 0 23 377 1486 976 466 0 115 2375 128 0 0 593 1037 259 0 +940+342
140 892 1117 636 0 0 701 1526 1184 0 0 309 1105 1487 460 0 81 1296 813 0 0 0 923 837 0 +1009+333
109 747 1331 612 0 0 743 1167 781 0 0 336 1420 1642 549 0 180 1132 980 0 0 20 973 735 0 +975+337
161 1004 1389 63 0 0 1032 1794 418 0 0 252 2391 684 278 0 97 2281 358 0 0 382 1159 173 0 +922+370
57 694 1323 527 0 0 796 1019 939 0 0 371 1083 2096 497 0 0 1506 1514 0 0 320 1040 691 0 +1012+301
132 887 1330 376 0 0 832 1288 616 0 0 336 1191 1572 504 0 121 1909 862 0 0 222 1448 756 0 +996+345
116 839 1016 358 0 0 874 1192 599 0 0 78 1472 1560 370 0 297 1564 555 0 0 125 1030 539 0 +985+339
112 854 1097 1087 0 0 567 1109 1308 0 0 222 643 2236 439 0 31 447 1893 0 0 0 678 1026 0 +1016+331
173 861 1304 226 0 0 1121 1277 652 0 0 276 1039 1848 385 0 0 1084 1587 0 0 0 1032 739 0 +944+362
0 339 314 0 0 82 1801 806 1955 910 1170 510 1796 3034 1232 956 0 1085 3820 96 135 820 1273 914 0 +834+495
0 414 287 0 0 181 1663 910 862 1118 865 511 945 3031 1238 571 795 515 3560 101 0 868 1288 728 0 +817+380
0 568 198 0 103 73 1501 387 1330 1310 818 663 822 2697 568 566 504 1731 2526 0 0 973 1190 227 0 +924+345
0 50 622 0 0 0 1715 368 206 437 836 464 1012 3340 1287 938 0 1039 3399 10 429 776 1546 431 0 +851+443
0 0 857 0 0 0 1205 1494 1173 1090 288 1833 2422 3357 0 1023 289 2483 1416 0 681 540 679 0 0 +950+370
0 0 460 0 0 0 1336 735 468 493 151 1264 658 2922 1032 727 145 1927 1441 0 232 1039 1144 0 0 +714+364
0 362 0 0 0 0 1662 1311 1186 891 831 544 1080 2269 951 739 0 1119 3067 0 423 706 1461 276 0 +674+470
0 186 403 0 0 1 1554 683 1395 1048 771 431 1224 2363 1087 714 105 1131 2413 64 118 708 898 36 0 +781+366
0 447 0 0 44 0 1435 586 1576 1140 669 540 887 3164 497 665 35 855 2246 0 181 760 850 32 0 +693+393
0 42 644 0 0 24 1804 1086 1132 764 1039 202 1745 3279 895 1031 62 1561 2254 0 256 719 1121 13 0 +810+432
0 0 583 36 0 0 1015 518 280 770 404 1109 1881 2740 1080 701 372 686 3479 123 0 832 1011 637 0 +862+354
0 40 316 0 0 0 1095 350 245 396 239 981 959 2099 460 429 593 1088 2147 87 172 1088 1317 460 0 +611+328
0 0 426 1693 1611 0 447 4676 5939 1668 676 4395 6164 4660 352 1175 2184 4032 507 0 799 0 165 0 0 +942+708
0 0 644 2208 1507 0 1039 4595 5337 584 770 4250 6476 4495 0 1848 5470 3060 0 0 909 675 338 0 0 +931+665
0 0 0 0 0 0 521 3626 5387 1920 397 2691 7742 5390 530 987 2545 4926 445 0 0 0 0 0 0 +1138+568
0 0 65 885 320 0 136 2897 3871 2312 0 2207 5072 5310 297 1355 2930 4846 1539 0 630 847 2003 0 0 +797+656
0 0 464 1385 904 0 707 4179 6205 1026 353 4189 6246 4514 209 1608 3199 5099 964 0 381 0 0 0 0 +919+658
0 0 101 1565 979 0 22 3424 4831 894 0 2704 5831 4726 61 1051 3328 5347 689 0 202 1558 1106 0 0 +823+664
0 0 171 1250 756 0 512 3900 5138 815 224 3603 4151 3813 0 1417 2677 4720 927 0 494 901 954 0 0 +788+684
0 0 512 1577 985 0 579 4324 4764 1230 475 3614 5371 4570 141 1327 3763 5705 843 0 904 0 876 0 0 +884+639
0 0 422 1263 1863 0 370 2599 5563 2232 280 2209 4468 3879 647 1085 3181 4207 975 0 0 388 1017 0 0 +842+546
0 0 0 939 0 0 0 2629 4047 1405 88 2297 5263 3497 0 1202 2983 4389 932 0 539 1306 1397 0 0 +716+635
0 0 511 727 863 0 395 3462 4825 1390 0 2912 5308 4316 305 944 2761 6080 1151 0 1046 944 1109 0 0 +834+649
0 36 3357 2120 6 0 2638 6427 4760 0 1029 3998 6835 1380 0 1722 869 764 0 0 713 0 0 0 0 +959+745
0 0 278 460 1316 0 395 2666 3785 442 0 2222 4319 1226 0 557 4134 1976 0 0 333 1946 0 0 0 +1094+363
0 0 409 949 1717 0 0 1406 5270 412 0 4 4314 2795 0 0 1395 3849 167 0 0 2185 824 0 0 +1142+404
0 0 0 808 864 0 951 2299 3863 255 0 2814 3443 895 0 629 2826 1607 0 0 1111 1148 162 0 0 +1093+274
0 0 0 1718 2296 0 321 5134 4024 193 18 4030 5189 421 0 1397 4828 703 0 0 690 1223 0 0 0 +1267+423
0 12 401 794 1162 0 614 2620 3033 337 0 2022 3921 927 0 96 3733 2985 0 0 631 1993 389 0 0 +1106+322
0 0 81 1516 957 0 12 3123 3991 308 0 1461 3548 1326 0 122 2520 1910 0 0 0 438 600 0 0 +1177+275
0 0 0 1065 1585 0 116 3365 3783 1080 0 3145 4144 750 0 561 5009 1539 0 0 681 764 0 0 0 +1210+387
0 0 397 1339 1103 0 378 3022 2871 530 0 2119 4077 898 0 809 3443 1906 0 0 236 1967 77 0 0 +1003+355
0 0 0 641 1647 0 62 2069 3615 370 0 1815 4604 753 0 856 3772 1952 0 0 309 2381 0 0 0 +1217+378
0 0 0 2092 1782 0 15 4007 3428 171 0 3002 4575 340 0 525 4454 954 0 0 915 1447 0 0 0 +1173+424
0 0 0 844 1468 0 0 2930 3826 737 0 1646 3884 843 0 67 4328 1327 0 0 465 1520 0 0 0 +1085+353
0 0 0 836 1470 0 669 2512 4903 256 0 2847 4897 640 0 185 4248 1780 0 0 497 1801 0 0 0 +1300+339
0 0 0 1970 1604 12 1780 4903 2868 881 1919 847 2700 5066 93 0 785 1458 968 0 0 141 1244 0 0 +1219+865
0 0 725 2448 1634 501 2925 3858 4459 2150 1329 1496 2963 4297 1678 0 304 2 2473 0 0 0 1305 135 0 +1565+889
0 0 418 1817 2703 0 1606 3976 6065 3094 33 2245 1921 3810 283 0 0 958 3230 0 0 0 0 1767 0 +1433+1008
0 0 711 2111 2826 114 3795 5015 4245 0 2477 2236 4970 4199 0 421 0 3587 0 0 0 0 1917 0 0 +1477+1028
0 529 1192 2629 1261 352 4752 4892 3404 2833 666 1443 3050 3241 0 266 0 1072 1173 0 0 0 1444 0 0 +1411+845
0 0 1002 2116 2469 1329 4793 6331 4822 611 1945 2968 3303 5443 0 846 364 4944 125 0 0 0 2112 0 0 +1688+971
0 0 652 3033 3090 28 3904 6620 6050 0 2253 1789 4686 3508 0 0 1079 2429 5 0 0 0 1604 0 0 +1621+1100
0 0 519 2914 4531 1265 2651 5207 7028 1558 1420 1833 3135 4725 0 0 0 1828 814 0 0 0 2136 0 0 +1666+933
0 0 1504 3126 3705 2428 3821 4799 6256 75 1820 1287 3997 166 179 0 2831 0 0 124 293 1836 0 0 0 +1813+904
0 0 33 2110 2509 727 3200 4734 4928 1153 3374 1625 2775 3493 0 316 0 1707 582 0 0 0 1877 0 0 +1428+1023
0 0 51 2098 2498 949 2640 4731 3038 0 2005 2273 5231 1509 0 581 2785 3202 0 0 0 278 1412 0 0 +1420+977
0 0 0 0 1416 0 0 1959 6264 1942 399 4416 4190 5413 0 1169 1866 4553 0 0 0 0 1570 0 0 +1592+999
435 848 778 0 344 414 2416 2212 1543 1624 0 580 2985 2014 355 0 234 2774 423 0 0 293 1578 32 0 +742+421
392 1569 994 0 309 120 1733 4340 1145 1872 0 210 3023 2029 0 0 473 3047 568 0 0 0 0 0 0 +947+414
120 1203 1449 571 0 0 626 2802 2697 784 0 108 1542 3052 224 0 80 1944 1448 0 0 0 730 0 0 +975+359
627 1059 1383 294 0 337 2481 2664 954 0 0 664 3867 341 0 0 492 3765 0 0 0 494 573 0 0 +814+475
193 2330 1293 332 86 0 1103 2465 2471 1478 0 176 2330 3734 86 0 33 2066 955 0 0 0 684 0 0 +1003+342
312 1565 1821 709 1055 0 1066 3316 4081 769 0 73 2285 3024 0 0 275 1675 867 0 0 0 524 0 0 +1102+363
282 813 943 1 1099 328 2589 4648 2760 197 0 759 4501 1297 0 0 1090 3437 0 0 105 0 1052 0 0 +1150+425
113 1334 1536 612 0 0 767 2820 2872 867 0 146 1718 3177 206 0 270 2707 1258 0 0 119 699 0 0 +1055+320
89 1837 2797 1686 679 0 0 2021 4262 568 0 122 2387 3695 54 0 0 1188 1034 0 0 0 625 0 0 +1268+320
363 1290 1204 507 1180 142 642 3050 3957 1381 0 12 1441 3610 0 0 0 1872 1147 0 0 0 878 0 0 +1186+365
166 1834 1848 1532 761 35 354 3111 3598 641 0 17 803 3180 0 0 6 853 2593 0 0 0 148 399 0 +1160+344
201 1180 1416 1284 174 0 169 2628 3513 1355 0 0 900 3460 635 0 0 299 3047 0 0 0 3 653 0 +1108+320
0 1589 710 1510 918 550 2523 5767 2421 967 0 3126 3155 0 0 0 5033 0 0 0 150 1643 0 0 0 +1294+564
157 2003 1723 1588 1256 977 1744 4780 1431 657 0 2067 1216 0 0 0 1832 0 0 0 591 750 0 0 0 +1277+540
0 2381 1782 889 915 1089 2185 4944 2190 901 0 2694 1759 0 0 0 5964 2 0 0 254 1754 0 0 0 +1239+573
0 935 1104 460 0 532 2086 5559 2638 1372 0 3461 2167 0 0 210 4774 0 0 0 2106 401 0 0 0 +1269+616
0 1674 1726 2227 1062 1000 2647 5415 1742 725 0 3330 1252 0 0 91 3403 0 0 0 1380 1042 0 0 0 +1154+557
0 1877 2037 1714 1748 955 1723 4909 1622 480 0 2927 686 0 0 87 3942 0 0 0 387 1324 0 0 0 +1200+604
0 1833 287 842 1052 704 1869 3292 1741 637 328 318 115 0 0 0 0 0 0 0 0 105 0 0 0 +1051+641
0 2145 1371 1810 792 867 2779 6282 2435 1365 460 3906 479 0 0 1191 2383 0 0 0 2389 138 0 0 0 +1253+659
0 1574 1762 1348 1239 1055 3481 3620 1738 1457 0 3862 0 0 0 1031 1295 0 0 0 1928 0 0 0 0 +1279+604
0 97 1524 1535 255 0 1314 5720 3904 2740 0 1066 3049 0 0 0 3002 129 0 0 0 1348 0 0 0 +1222+718
0 2594 1361 1556 1021 1020 2740 3602 2247 1667 0 2196 0 0 0 185 1513 0 0 0 885 0 0 0 0 +1274+636
0 1942 2740 1585 1614 1251 2742 5793 1889 579 0 4014 807 0 0 156 2959 0 0 0 1503 388 0 0 0 +1259+642
240 1956 1681 973 1300 0 823 2787 5688 1641 1212 3554 2546 3910 0 527 2588 3236 686 0 0 1439 1575 536 0 +1218+588
0 1321 2638 2009 1540 0 451 1947 5113 3054 110 2505 4417 4699 677 1095 2136 3569 671 0 0 1394 634 0 0 +1385+601
0 882 711 918 430 0 835 2821 5119 3460 959 2099 4565 4736 85 735 2516 6206 308 0 0 1636 0 0 0 +1502+569
0 709 1439 1693 1262 0 0 2620 6324 780 98 4114 3665 3251 0 57 1817 4608 262 0 745 2738 170 0 0 +1175+589
0 1893 681 860 1106 0 362 2840 4785 2970 0 1741 3395 5594 292 0 1124 4445 4229 48 673 1820 2025 0 0 +1200+569
118 1580 1418 1377 1328 0 1124 2906 6074 2260 1017 4686 4110 3454 0 532 2636 4122 241 0 0 1282 743 0 0 +1275+562
0 1242 1083 947 972 0 642 3361 5220 1973 1283 3753 4047 3354 1459 581 2777 3421 2881 0 0 1388 2366 0 0 +1177+611
0 975 1329 1085 897 0 0 2423 4828 2898 811 2800 3547 4837 782 94 521 3952 2623 0 192 1451 2078 0 0 +1185+559
333 1603 751 1027 445 0 1790 3848 3915 1782 1543 2775 3857 3430 829 151 1722 6160 1035 0 4 769 2557 0 0 +1265+621
0 2771 1764 1088 286 0 844 3404 3544 897 1441 3579 4222 2418 1520 409 3016 4434 1133 0 0 2083 1464 0 0 +1341+639
0 1377 1774 1121 1158 0 316 2543 4884 2092 986 4279 3452 3506 555 0 2781 3545 286 0 802 944 257 0 0 +1328+571
0 1339 1697 1575 1797 0 591 2239 5980 2477 1412 2424 1915 5453 1493 0 705 2591 5245 130 14 1681 2853 756 0 +1207+642
0 0 301 2638 1869 0 589 1180 4347 2389 428 1319 1279 2655 1228 1436 1372 738 585 0 318 0 786 0 0 +1010+542
0 0 1465 2247 2251 83 1338 1373 3557 2683 1169 59 1513 2296 1329 1164 897 881 1148 0 149 339 0 708 0 +1127+448
0 572 1144 2842 1664 1846 1765 1721 3822 2324 1879 1451 2407 2535 951 4 153 0 1110 0 0 0 0 303 105 +1444+479
134 1778 2140 1295 748 589 2036 1583 4054 1766 1153 541 2927 2912 979 885 1033 679 2161 4 466 532 0 605 0 +1096+436
0 219 1571 2237 1386 60 1814 1757 4143 1759 1173 303 1738 2837 1234 919 489 1246 847 411 999 1086 0 246 0 +1069+466
0 457 565 1502 2148 1321 462 3142 3468 2432 919 649 2071 3910 708 1335 383 1339 945 0 184 786 0 598 14 +1131+518
0 166 1436 2198 1834 694 1034 937 3452 2409 780 773 3279 3335 1117 996 658 1549 1752 178 453 693 106 694 0 +1055+501
141 1448 2038 1982 1239 1249 1536 1025 3683 2579 1482 1305 974 3032 1052 4 1552 948 1790 54 0 366 1242 738 0 +1185+441
0 681 2191 3430 1309 0 1751 1889 4528 3288 0 1869 3226 2112 1404 0 294 217 459 1794 0 0 0 0 0 +1323+662
0 0 672 2098 2027 0 809 2549 4874 1693 628 1655 2776 2459 161 1393 2040 0 1055 0 772 258 0 977 0 +1230+539
0 0 1058 1995 1222 0 266 2172 4204 2629 0 1821 3208 2344 767 1356 2294 13 731 6 702 279 0 858 80 +1180+507
0 0 1099 2701 1988 715 1281 3777 3484 1888 1413 539 2125 1313 762 757 760 0 562 204 0 0 0 154 1192 +1242+556
0 87 1182 1119 146 385 2848 3370 4172 339 549 1234 3532 3750 950 0 3381 4088 2324 1163 0 582 2177 0 0 +1235+465
0 296 1428 1189 0 279 3086 3329 2713 0 753 3807 4164 3427 1820 1105 2676 4005 1227 695 0 629 3124 46 0 +1317+460
0 343 1790 1500 0 271 3089 3613 3968 0 651 3068 3580 2807 838 26 2969 4292 1741 495 0 0 741 916 0 +1448+448
0 44 1688 1019 448 0 2531 2012 2639 21 690 4047 3756 3237 847 2100 2153 4993 1598 776 0 0 2449 385 0 +1289+470
0 945 1341 1644 437 0 3379 4109 3774 100 774 2802 4534 4452 1925 0 3311 4298 285 0 0 732 2408 0 0 +1424+492
0 0 1474 1042 439 329 2005 2907 2717 133 638 2136 3353 2739 28 0 2337 3482 830 276 0 113 2226 535 0 +1343+470
0 530 1437 2460 208 552 2795 3748 4688 0 642 3310 5069 3479 694 0 2019 6092 1268 1036 0 0 1545 0 0 +1427+500
0 183 1556 1543 1276 148 4227 3772 5944 353 573 3587 5617 4137 1019 0 1817 5035 2061 1049 0 0 1029 1131 0 +1492+516
0 524 2002 1057 0 1323 3947 4261 3058 0 464 3416 5798 2959 1916 0 332 4418 1848 308 0 0 415 1424 0 +1593+504
0 0 881 812 0 32 2561 2659 2158 0 1599 3997 4691 1165 0 1193 3288 4741 158 0 0 92 2339 0 0 +1364+541
0 1092 1725 2097 97 694 4139 5286 4469 0 2023 4233 4925 3311 1588 749 900 4211 543 0 0 384 1105 1477 0 +1626+499
0 19 2186 916 0 104 3321 5301 3130 0 822 4900 5082 3669 1537 0 1395 4495 1840 695 0 0 1840 1670 0 +1488+548
88 672 1043 916 745 447 1710 3349 1386 0 0 669 2440 188 0 0 1325 2685 0 0 551 3009 2510 10 0 +1155+479
88 629 803 742 661 617 1110 3104 1119 0 6 1363 2048 690 0 0 1681 2588 0 0 256 3053 2984 291 0 +1133+423
261 1028 1739 879 482 70 903 3492 477 0 0 935 2476 0 0 0 1056 2971 0 0 347 2339 2786 478 0 +1154+442
0 1394 1866 1742 567 0 699 2525 1441 0 0 175 1670 347 0 0 1316 3004 19 0 389 2683 2762 0 0 +1054+471
48 699 1069 891 692 320 970 3164 893 0 0 689 2939 930 0 0 602 2774 344 0 316 1883 3009 668 0 +1172+439
198 820 1266 701 630 444 1217 3278 648 0 0 740 2641 384 0 0 650 2885 103 0 452 2110 3190 150 0 +1196+441
0 612 649 952 1005 147 1185 3441 773 0 0 1526 3336 433 0 83 1409 2726 0 0 767 3691 2354 0 0 +1256+503
353 714 1960 970 585 380 1541 3912 520 0 169 988 2417 0 0 0 1404 2448 0 0 537 2959 2219 0 0 +1152+465
110 858 1778 1028 523 84 1678 3489 797 0 0 924 2591 124 0 0 1581 3278 0 0 329 3658 2896 0 0 +1213+473
0 520 1449 956 852 0 1348 4184 678 0 0 1312 2954 184 0 0 892 3509 0 0 750 3345 3186 0 0 +1238+553
0 863 1466 1448 631 0 1388 3172 1766 0 0 0 2102 437 0 0 756 2772 454 0 563 1792 3880 155 0 +1180+549
0 890 1784 901 766 260 2003 4626 112 0 0 879 2108 0 0 0 1802 2429 0 0 703 3547 1584 0 0 +1297+533
0 0 0 0 2108 782 2398 6822 6954 1340 0 2970 6148 2495 0 0 1337 2654 0 0 0 936 0 0 0 +1268+736
0 0 21 982 2734 1331 6249 8742 6525 617 0 3447 5720 966 0 0 2408 0 0 0 1386 334 0 0 0 +1514+792
0 0 0 0 2276 798 5710 10581 8664 2342 132 6145 7805 1174 0 24 2606 27 0 0 1818 43 0 0 0 +1727+812
0 0 0 56 2407 1743 5543 8782 7176 880 0 4091 6225 1174 0 0 2413 206 0 0 758 720 0 0 0 +1447+792
0 0 0 849 2865 666 6052 10157 7421 1063 65 3780 6650 700 0 0 2134 0 0 0 1316 201 0 0 0 +1380+824
0 0 66 1028 2762 648 3735 7080 6829 1898 0 3477 5919 1449 0 9 2093 222 0 0 1384 47 0 0 0 +1384+730
119 1115 1548 1922 3763 819 5450 9317 7309 1099 236 4204 4701 884 0 0 2569 33 0 0 1408 189 0 0 0 +1445+710
0 0 0 145 2626 2007 4970 6829 6157 1305 90 3136 6858 1414 0 183 4503 1573 0 0 48 1086 0 0 0 +1278+855
0 150 945 1573 3401 0 3385 9234 8839 1287 0 620 6216 1368 0 0 1265 1026 0 0 0 978 0 0 0 +1255+817
113 0 0 0 839 94 3168 7623 8754 4732 0 1144 7548 3084 11 0 1627 1397 0 0 410 1159 0 0 0 +1500+846
894 1462 1790 2561 3587 761 6042 9630 5814 2182 0 1420 4903 785 0 0 2330 5 0 0 1592 248 0 0 0 +1513+729
0 0 0 1133 3009 1285 4703 7147 8462 3555 0 2522 7965 3078 180 0 1113 2691 99 0 0 1284 0 0 0 +1416+817
0 0 2164 1793 0 0 2168 5566 6084 0 0 1605 4050 5875 0 0 1337 301 5942 250 0 13 2771 242 22 +1610+735
0 0 1651 2232 77 58 1924 5616 5659 1285 0 0 3538 6569 1660 0 0 1784 4691 0 0 0 1772 1551 0 +1560+735
0 0 1969 2513 483 97 3511 4086 7007 1548 0 1759 3822 5451 1763 0 1474 2564 2036 8 0 1365 1750 0 0 +1610+735
0 1866 2434 0 0 977 3806 6754 3368 0 0 1728 5736 4319 956 0 2175 385 3548 202 0 468 2218 1037 0 +1610+735
0 1608 2369 926 0 574 4726 6399 3676 0 0 2190 7573 4776 0 0 1620 3318 2486 0 0 2354 2776 0 0 +1710+735
0 822 3219 258 0 422 4114 4891 4797 0 0 1531 5181 5651 0 0 1928 1475 2267 1986 0 141 2731 1837 0 +1610+735
0 20 2413 974 0 150 4721 5171 3760 0 0 1937 5715 4155 37 0 1761 2698 1922 1286 0 37 3522 35 0 +1560+735
0 108 2848 1645 0 0 4428 4718 4984 0 0 1466 5367 4723 845 0 1814 2348 1894 5 0 75 4334 1197 0 +1660+735
0 0 1623 3142 0 44 2345 6489 4230 0 0 0 8452 3561 0 0 0 4168 1717 0 0 0 3963 900 0 +1660+735
0 1158 2289 508 0 1031 3920 3131 1787 0 216 2698 4772 2876 0 0 2830 2401 3628 83 0 2978 602 1042 78 +1490+685
0 2453 2541 0 0 615 4053 5435 1470 0 0 2083 6020 4625 801 0 2445 3506 1874 1423 0 1018 1868 754 0 +1740+735
0 364 3047 51 0 147 4111 5691 3031 0 0 1920 6101 2796 0 0 2186 2633 1185 0 0 589 3028 0 0 +1610+735
0 1924 994 1281 249 0 931 3082 6017 1879 0 337 8177 4373 12 2297 4310 5381 2074 0 0 1636 0 327 0 +1460+558
0 1936 378 1756 0 0 1804 3221 4813 219 0 1231 7888 4003 1127 1511 6304 8245 1147 0 621 3540 642 239 0 +1481+630
0 1564 554 192 1452 0 1488 2483 6739 1348 0 843 6704 4254 1226 1773 5664 7948 2507 0 2076 1863 986 89 147 +1548+521
0 1185 606 1042 1193 0 1748 2131 5847 1287 0 213 5816 6061 0 1060 5023 6808 2528 0 359 1682 653 247 0 +1420+532
0 1046 626 488 1555 0 1520 1343 6243 2055 0 360 5196 4117 1407 1513 2677 7996 2459 1116 330 2221 276 0 0 +1441+549
0 1226 508 788 1717 0 1410 2640 5416 2220 0 698 6735 8395 954 229 4630 9442 3060 0 1052 2708 3212 180 175 +1589+546
0 851 304 0 1724 0 1850 2770 4056 2329 0 434 7027 4932 565 0 4075 9179 2656 0 1447 3177 949 920 0 +1490+643
0 811 821 909 833 0 1615 2848 5206 2568 0 47 5749 6474 1251 0 1851 8754 5312 0 792 2758 1289 421 167 +1451+600
0 0 1242 0 1784 0 1290 4276 5756 599 0 217 4233 6629 696 506 2566 8187 3534 0 434 2646 2451 847 0 +1510+549
0 1177 1024 519 1559 0 1534 3310 6260 304 0 504 5979 5943 348 229 3140 10135 2180 0 559 4126 3458 248 0 +1456+572
0 920 0 2843 259 0 1764 4838 6091 0 0 859 7553 3588 1228 0 3767 7199 0 0 693 3390 1745 176 0 +1413+551
0 1097 1068 3625 1159 0 521 2724 6689 2222 0 0 5632 6152 140 0 3941 8197 4617 0 631 1461 1607 1168 187 +1476+538
0 14 798 984 2546 0 3133 5667 4873 769 0 2397 3474 909 0 4 2099 1101 0 0 672 743 0 0 0 +1066+549
0 0 238 527 2440 0 4234 5875 4886 1820 28 5061 3521 1516 0 1667 1375 2232 0 0 1684 487 0 0 0 +1138+552
0 0 30 273 1463 0 3242 5887 4094 466 0 2856 3195 188 0 0 3007 703 0 0 1108 511 0 0 0 +1199+587
0 0 0 461 1410 0 3018 5877 4807 358 155 4502 3123 522 0 836 2530 544 0 0 14 1002 0 0 0 +1272+608
0 0 0 45 1227 0 2413 3523 3529 24 699 7042 4319 517 0 2205 3247 486 0 0 253 1106 0 0 0 +1227+578
0 0 149 1166 2036 0 3839 5082 2997 29 0 2103 1654 0 0 339 3108 0 0 0 1007 132 0 0 0 +1298+526
0 0 0 618 1631 0 1936 6538 5940 219 0 5390 4879 320 0 2 3434 628 0 0 1510 766 0 0 0 +1309+604
0 184 706 1875 2204 729 6846 6834 4389 276 84 4235 3716 207 0 926 3544 137 0 0 721 490 0 0 0 +1490+559
0 0 0 470 2286 0 3005 5818 5518 236 0 3517 4775 353 0 469 3260 654 0 0 428 1147 0 0 0 +1395+544
0 0 0 957 2337 0 4015 5829 5262 364 0 6135 3032 209 0 2024 2889 175 0 0 669 477 0 0 0 +1362+621
0 0 0 1316 2396 0 3724 6633 4099 0 142 3622 1726 0 0 1985 3525 0 0 0 1417 2 0 0 0 +1422+621
0 0 0 718 1350 0 5812 6564 4700 87 795 5502 3120 0 0 1732 2769 0 0 0 842 163 0 0 0 +1372+616
0 182 1090 2662 1224 1221 973 1046 3303 362 0 0 1409 1610 892 0 0 1211 3454 1874 0 0 656 2352 584 +1295+577
0 0 616 1753 1292 961 1089 832 3333 29 0 432 2285 2060 1057 0 270 1483 4150 901 0 0 643 2587 6 +1113+573
0 0 1227 2040 1352 845 1271 1971 2559 0 0 1230 2252 1732 0 0 1033 3136 3290 0 0 133 847 1013 0 +1282+571
0 243 1368 2324 1258 985 1182 265 2143 0 0 655 1702 1336 0 0 1014 3113 2432 0 0 100 1408 1191 0 +1102+593
0 113 1711 1928 1256 541 1034 1147 2209 0 0 1130 1300 1813 0 0 684 2235 3158 0 0 242 989 1400 0 +1160+518
0 0 434 1354 1191 814 1041 1049 2824 314 0 30 1877 2042 357 0 343 2399 4025 1312 0 0 660 1844 346 +1050+556
0 0 1170 2345 1356 1170 1231 701 3278 0 0 230 2161 1697 0 0 401 2618 3743 0 0 106 1357 1799 0 +1050+633
0 0 1892 2204 1261 598 920 1805 2059 0 0 554 2248 1435 0 0 1778 2765 3040 0 0 227 1542 2038 0 +1134+590
0 187 1616 1881 1185 697 906 1378 2359 0 0 917 1447 1121 0 0 1940 3015 3004 0 0 304 1350 1352 0 +1161+526
0 41 1969 2073 1282 882 1092 2125 1719 0 368 422 2221 217 0 903 2526 3803 308 0 0 686 2997 0 0 +1140+610
0 0 870 1792 1246 621 922 659 2350 0 0 256 2968 1912 539 0 300 2034 3861 989 0 0 857 2813 173 +1054+572
0 0 991 1461 1241 613 949 1525 3148 0 0 483 2601 1567 0 0 2294 2619 3828 0 0 300 952 2729 0 +1130+565
0 0 0 596 1732 0 2091 4131 3566 2333 0 503 4533 3750 654 201 0 4826 3288 0 175 1045 1986 148 0 +1342+499
0 0 0 803 1402 438 2658 2903 2734 1555 0 2199 4287 3135 906 0 24 4940 2049 0 147 1206 2690 374 0 +1319+428
533 1171 1139 1846 727 105 2520 1971 2741 1731 0 655 3464 2542 97 0 135 3097 2425 0 108 646 2044 819 0 +1061+428
343 1476 1366 1381 0 0 1788 2733 2657 1295 0 1047 3742 2943 130 0 41 3608 2171 0 180 1426 1728 784 0 +1181+375
0 1567 1775 2052 0 0 1981 3388 3830 812 0 864 3401 2546 0 374 412 3140 1515 0 1 1043 1878 41 0 +1114+426
0 806 1016 1492 975 0 2118 3157 3226 2030 215 863 4654 3195 167 0 65 3085 2326 0 363 1230 2177 585 0 +1108+443
80 1324 1463 1679 390 0 1973 2967 3427 1643 0 801 3460 2939 1426 0 0 3013 3009 353 256 655 2375 1565 0 +1139+407
450 1077 1479 1409 0 261 2686 2418 2588 711 0 1012 3514 1279 0 0 93 4094 482 0 124 723 1769 22 0 +973+397
269 951 992 1633 0 67 2471 2735 2837 793 35 1231 4317 2298 0 0 0 3788 1914 0 474 1280 2370 493 0 +1092+420
791 1457 1617 2158 832 759 1865 3121 3402 553 0 944 3641 2267 0 209 1341 3593 710 0 5 1371 0 0 0 +1348+318
0 657 439 763 1249 0 2525 2665 2709 2159 0 706 2852 3081 1263 0 0 2604 3529 155 249 784 2692 1172 0 +1041+406
309 1331 1341 1824 0 287 2475 2817 2945 758 0 844 4338 1260 0 0 877 4936 217 0 0 0 854 0 0 +1312+383
0 607 742 921 0 502 1859 656 1799 130 495 1569 2578 2438 739 0 647 1680 621 0 1044 1775 525 0 0 +1105+523
0 0 1079 1052 0 459 719 1872 2180 721 727 798 2798 3208 635 0 651 1913 2378 0 0 0 1553 0 0 +1099+588
0 0 1033 926 0 1022 1356 2666 2166 1612 0 206 1867 1601 408 0 1349 2224 2114 0 0 379 1252 0 0 +1122+533
0 139 259 849 435 758 745 1908 1286 1454 736 1455 3776 2437 1048 0 369 1782 3262 391 0 889 1870 32 0 +1118+604
0 0 1058 1098 0 1221 773 2041 2681 1188 0 1427 2834 2128 37 751 691 2302 988 0 180 1009 1450 0 0 +1078+570
0 28 1221 750 0 1302 1472 2578 2142 1648 0 949 3321 2577 1026 0 913 2414 592 0 0 539 1241 0 0 +1075+605
78 600 1390 1554 177 1420 515 2255 2279 1558 0 639 2092 1698 103 10 1609 1984 321 0 0 1210 405 0 0 +968+575
0 0 995 860 0 1018 1352 2487 2266 1520 0 266 2334 2239 713 388 1051 3004 417 0 20 1624 443 0 0 +1006+522
0 0 923 1021 117 1018 533 1938 2173 1322 0 1382 3078 2783 285 373 1054 2569 1247 0 0 511 1297 0 0 +1118+564
0 0 1033 861 0 0 1528 2185 1994 1432 0 778 2640 3232 428 0 1124 1824 2263 251 0 650 1586 0 0 +984+610
0 814 909 757 0 866 1804 803 1895 1236 635 2222 3294 3020 10 0 970 1838 2184 0 0 157 2116 68 0 +1126+614
0 895 630 914 258 619 2043 457 1433 1873 619 2362 3379 2932 194 82 2066 1625 1589 24 0 521 1278 114 0 +1122+564
0 0 0 15 20 0 421 2561 2190 750 1100 953 2693 2081 719 173 1136 1636 2167 1290 0 0 0 0 307 +471+594
0 1446 1628 84 0 1224 2633 2819 1669 1059 230 1497 2717 856 491 0 2 1417 2034 972 0 0 0 185 89 +463+623
0 9 415 11 0 606 1776 3061 1941 681 663 1425 3296 2498 774 0 552 1759 2368 935 0 0 0 438 322 +493+608
0 68 558 116 0 1064 1864 3344 2050 656 436 1223 2935 1638 863 0 324 1974 2344 792 0 0 0 570 0 +515+679
0 0 710 12 0 1024 2097 2707 1253 729 381 1836 3549 3588 651 0 345 1997 2773 1064 0 0 0 600 28 +555+648
0 331 65 0 101 717 2543 3120 1796 968 570 1994 3818 2375 584 0 612 2142 1881 727 0 0 0 430 489 +527+669
472 1225 1583 488 349 648 1250 2949 1850 601 25 1145 2201 791 476 0 6 522 2051 734 0 0 0 195 243 +400+588
0 313 116 0 0 1112 2315 3246 1671 830 350 1535 3069 3473 600 0 0 1309 3018 1016 0 0 0 182 193 +555+622
0 0 0 141 278 830 3281 2965 1113 877 747 1648 3939 2882 626 0 755 2370 3563 1136 0 0 0 604 639 +547+697
0 137 144 0 0 1121 2400 2641 1377 448 153 1870 2737 1944 589 0 24 1916 1896 855 0 0 0 350 0 +481+605
0 479 338 0 0 1202 2204 3315 1335 895 365 1229 2721 3257 539 0 374 2241 2482 1141 0 0 6 184 418 +590+622
0 114 651 389 0 857 1207 2643 2091 840 929 1043 3713 2652 956 37 1034 1018 3301 1119 0 0 0 47 1168 +590+675
0 0 2424 4141 1310 260 747 5449 4600 617 0 1885 5458 1836 482 0 628 1579 0 0 0 510 427 0 0 +1375+492
0 0 652 1728 2045 646 777 4580 5649 802 1030 2132 6858 2822 140 729 1243 2523 0 0 0 1178 212 0 0 +1263+476
0 0 360 1232 1680 357 1680 5136 5256 1144 843 3318 6443 1805 0 1961 4254 2981 769 0 0 1416 0 0 0 +1310+507
0 0 1290 2609 651 424 1479 4775 4707 686 0 3407 5163 2613 55 247 1787 2661 0 0 0 331 1152 0 0 +1342+472
0 0 1288 2423 661 103 1049 5531 3922 249 0 2624 4726 2248 131 761 1816 2631 0 0 0 0 1192 0 0 +1258+507
0 0 657 1166 2487 349 877 5213 5836 762 6 4602 5412 2650 0 193 1529 2246 0 0 0 88 1410 0 0 +1406+510
0 0 2246 3255 611 438 2392 5202 4514 93 0 3899 4924 1292 12 104 2466 2101 0 0 0 442 702 0 0 +1204+480
0 0 2592 4455 838 413 1505 4910 4861 146 0 3048 5098 3021 299 295 1655 1980 0 0 0 296 844 0 0 +1222+508
0 0 250 4971 1517 0 283 3443 8074 549 0 0 5758 5213 322 0 0 3847 176 0 0 0 1595 0 0 +1296+632
0 0 2133 3612 718 382 1080 5001 4793 652 0 3163 5241 1906 114 0 1061 2134 0 0 0 284 1265 0 0 +1476+472
0 0 843 2562 1800 352 1851 5897 5900 538 712 5171 6651 1813 0 867 2415 2504 0 0 0 1713 256 0 0 +1448+476
0 0 550 1805 1984 313 2211 5723 6374 911 479 5539 7037 2248 0 435 2382 2389 0 0 0 145 865 0 0 +1560+470
369 1709 1304 565 0 0 2017 1739 363 0 0 1685 1809 0 0 0 1207 2816 1605 1011 0 647 1449 499 20 +1050+325
178 1509 1352 656 202 0 1064 2300 569 417 0 576 2712 0 0 0 348 3002 1045 432 0 523 1955 1137 572 +1085+303
576 1918 1264 607 0 57 1343 2517 356 0 0 545 2736 0 0 0 403 3358 1357 684 0 439 1816 601 51 +1156+368
323 2200 1215 605 0 0 1218 2493 506 0 0 800 2897 0 0 0 333 2667 1036 284 0 566 1835 1270 670 +1067+302
70 2185 1602 903 640 0 1057 3039 415 17 0 363 3795 0 0 0 954 3347 1875 355 0 0 571 0 0 +1259+316
0 1891 1652 600 605 0 968 3144 402 28 24 838 2959 0 0 31 1441 2410 1479 370 11 762 1356 452 0 +1175+285
0 1875 1544 892 724 0 875 3000 511 34 46 1040 3239 0 0 0 1347 2454 1438 460 188 1380 1424 352 0 +1080+301
0 2247 1759 1156 0 0 1117 2305 129 0 36 1156 2336 0 0 22 1972 2862 2124 983 42 521 635 0 0 +1232+283
6 2116 1599 912 454 0 1262 2484 568 23 0 883 2287 0 0 62 1721 1739 1553 696 12 1332 1976 590 0 +1112+297
0 1859 1490 633 370 0 1143 2322 469 24 14 1228 1960 0 0 100 2056 1483 1276 589 40 1912 1827 1174 475 +1169+321
218 1595 1443 654 641 0 1174 2032 607 220 0 779 2653 0 0 0 847 2831 1165 480 0 1253 1760 910 98 +1095+309
221 2312 1468 932 557 0 1110 2565 418 0 0 895 3479 6 0 0 185 3563 2307 1022 0 626 1683 276 0 +1249+296
