1487 3617 7345 8903 3636 7133 12773 4277 0 3925 9340 0 0 5594 1269 0 +1360+508
656 838 7200 7836 6035 7701 13613 4834 2512 7012 10894 227 0 3962 1389 0 +1363+497
1267 2821 8263 7148 3713 8861 16889 1672 853 3553 8860 580 0 3403 373 33 +1515+519
351 1829 1338 5103 7019 12393 17827 3223 3436 7056 13876 0 0 4065 2974 0 +1607+566
1275 3596 4040 5800 5778 7334 6559 2317 3456 972 5687 442 0 290 109 0 +1289+526
1689 4718 7069 9673 6451 6670 10329 8056 1927 4369 11749 3924 0 4439 307 3261 +1407+528
2542 6401 7098 9019 7196 8350 12811 2667 0 6704 10913 0 0 3317 1493 0 +1558+586
559 1377 694 3603 5343 10836 5822 2524 4420 1684 1822 0 0 0 69 0 +1401+533
893 4514 13159 4876 8124 14768 18357 117 166 8449 11118 191 0 1842 1607 2782 +1742+586
1835 4286 3807 7995 7504 12106 9806 275 2019 5376 4731 0 290 963 0 0 +1395+585
734 1634 6551 7276 5996 12627 15259 2703 4174 6301 13304 0 0 5833 3398 0 +1389+553
1318 5127 8483 7103 7776 10561 14934 1892 2047 4202 15737 347 0 3508 967 3379 +1511+551
515 1344 1963 5973 2222 0 1061 7558 1842 592 1733 6437 0 1368 1212 2834 +922+805
524 1937 1843 4449 3838 1827 2151 16328 1815 2143 2100 9884 0 0 0 3482 +1327+967
0 879 1657 6808 3184 1673 1304 11771 2552 1736 3421 6484 0 0 0 3388 +1214+858
0 232 1466 3720 2097 3512 2095 11671 2607 0 863 10318 704 1807 1744 2972 +1134+915
0 1279 1240 5274 3270 1650 1978 14247 2434 1800 4187 7543 0 0 0 2732 +1249+911
0 0 0 2080 2508 2728 3146 12535 3085 226 603 13666 59 1979 1645 4043 +1245+909
0 644 3141 6707 4396 2900 1681 17207 2767 1873 2229 9594 0 0 0 3832 +1645+900
0 256 1229 3375 3565 2758 1879 16236 2463 1944 2002 11806 0 306 0 4014 +1536+895
0 0 0 2745 3884 3234 3364 15588 2120 2063 2025 13386 0 306 0 4667 +1593+804
0 1586 3189 6643 3949 1746 634 15772 2696 1814 2890 7820 0 626 0 3918 +1316+819
0 0 900 3270 2632 3275 2247 12762 2602 0 2673 9811 1110 2127 1846 4004 +1226+875
0 1705 1480 4484 4718 2279 2083 16028 3830 29 528 12597 16 2520 2016 4160 +1436+869
0 48 1987 3156 26 2048 5740 1311 69 3269 189 0 1082 18 0 0 +878+457
0 0 127 3346 0 2377 8874 290 74 3015 492 0 1424 8 0 0 +951+540
0 0 773 3092 556 4999 4565 1279 498 2200 386 0 1024 0 0 0 +870+567
0 0 272 224 0 4286 5240 2413 220 2257 0 0 882 0 0 0 +823+556
0 0 1101 3766 0 3244 4650 945 563 2667 0 0 1192 0 0 0 +1150+637
0 0 276 4386 0 5332 4296 523 673 2881 0 0 1728 0 0 0 +1109+693
0 0 984 2676 0 3261 3280 876 663 2042 0 0 1087 0 0 0 +897+552
0 0 804 2168 604 3747 3055 1338 457 1644 1718 0 680 0 0 0 +745+513
0 0 501 1958 0 479 3565 1796 990 5042 1390 935 0 651 0 0 +649+504
0 0 756 3234 0 2840 3674 1877 945 4352 2224 0 1068 0 0 0 +883+645
0 0 1327 3142 446 4910 6259 1281 370 2182 1449 0 910 0 0 0 +863+586
0 1410 4890 3476 35 3422 4332 892 882 2087 0 0 1015 0 0 0 +1029+561
771 1392 840 0 613 3807 4865 0 19 4458 2607 1024 18 2613 1661 1295 +706+423
956 2003 1379 0 186 2382 4115 0 8 3598 3011 480 186 2406 2245 1137 +722+362
931 2166 930 0 311 4449 3066 0 462 4043 2179 469 242 2716 1127 835 +704+367
590 1892 635 0 1152 4509 5946 0 233 2723 4473 0 163 1422 3224 1471 +715+400
725 1117 1060 0 1630 3923 4087 0 239 2335 3962 481 0 2081 3130 1290 +739+360
1207 2234 2347 0 126 4387 5049 0 0 4113 4059 955 0 515 1672 738 +781+414
1159 2437 1202 0 460 2328 5318 478 0 2678 4695 301 44 1936 2545 1368 +726+374
484 1815 1300 33 0 3438 5037 267 515 2861 4137 502 442 2785 1813 1106 +693+354
766 1654 1548 0 814 3740 5108 0 194 3362 3825 584 187 2248 1355 1115 +645+360
627 1844 1210 0 934 4390 5184 0 1088 4074 2924 82 183 2640 1763 1276 +691+368
999 1851 600 0 605 4488 5057 0 29 3945 2737 271 340 3244 2140 1200 +604+375
691 1889 443 0 710 3069 5029 0 22 3615 3607 92 108 3115 2261 1329 +663+375
959 5128 6561 491 3446 6124 9332 4668 172 2140 10636 1095 0 2540 3909 0 +1516+692
2157 8446 9395 1166 1828 3670 9772 6646 0 4664 3211 4010 0 2218 1138 2269 +1508+572
1209 4143 8955 1788 1820 5015 7815 5675 0 2621 6477 1511 0 2156 2134 0 +1456+539
0 3428 2445 0 3125 10730 12203 4043 36 4578 5810 1064 0 3526 2713 0 +1592+609
973 4345 6210 0 2693 6467 14101 2599 0 2244 8557 0 0 1473 3194 0 +1374+647
26 3370 6655 23 2556 6119 12009 5632 0 5330 5670 475 0 3321 2930 0 +1534+591
59 4713 4186 0 3697 9979 12001 1632 80 6338 4653 0 0 2197 3088 0 +1538+593
88 1797 4773 589 2064 6131 11842 6406 0 4893 3573 2635 0 3456 1296 0 +1503+513
891 5006 8406 1177 486 4892 9706 6995 0 1894 7870 1555 0 2180 3988 0 +1529+575
0 2145 5800 415 2506 7296 9621 2727 209 4967 5997 0 0 2620 2207 0 +1497+447
16 2565 6509 1456 1372 4693 10526 6666 0 3306 5866 3749 0 508 4059 938 +1462+556
2378 7692 8912 0 860 6236 10525 2228 320 6184 6184 0 0 3109 1960 0 +1525+592
0 0 530 963 1510 3157 2832 3812 2221 3058 5522 1176 97 7 989 0 +627+450
0 0 216 925 1470 4436 5328 3762 2466 4365 3476 489 161 135 827 0 +570+447
0 0 619 1564 2147 4026 5311 3627 2134 4174 3747 1016 0 165 958 0 +612+404
442 1164 4409 0 3428 7508 6204 0 4207 2524 1807 0 0 895 0 0 +587+583
0 0 1716 2227 2060 3558 5225 3404 2322 5769 4043 2190 794 556 918 0 +597+505
0 84 2225 1193 2214 4028 4812 3764 2326 5424 3285 1349 640 697 942 0 +625+466
0 246 2145 0 2157 5418 4008 2967 2754 3988 3194 1679 1063 1587 0 0 +602+489
0 0 0 0 1408 2318 3346 4717 2365 5630 5537 2132 441 467 1001 0 +637+478
0 0 433 1334 2457 4227 6444 3685 2537 4777 2616 426 0 483 768 0 +558+484
0 0 840 1883 2874 4824 8004 3578 2227 4112 1915 423 394 69 910 0 +591+485
0 0 726 1537 1526 4780 5766 3598 2429 3802 4570 1601 1065 1436 711 0 +524+503
0 0 1011 511 2119 4779 6327 3674 2233 2790 3210 1810 0 0 863 0 +566+487
810 2770 3475 0 0 887 5093 1754 0 1395 6407 2545 0 545 3844 0 +889+539
760 2974 3723 0 0 199 6239 1886 0 104 5615 3387 0 423 4203 430 +951+540
462 2851 3845 259 336 216 5403 2320 0 0 7366 395 0 538 4472 0 +946+554
889 3667 3510 0 0 1277 5772 0 0 1838 5435 315 0 2111 2463 0 +816+621
611 2859 3571 0 0 1135 5157 2733 0 1031 6898 38 0 5 2140 0 +930+537
539 2365 4236 171 0 7 6044 3738 0 588 6776 147 0 272 1926 0 +862+516
760 2455 2379 0 0 1939 4278 1086 0 1926 4835 1195 0 1657 2838 0 +885+534
607 2550 3588 540 0 530 6050 4065 0 398 5984 795 0 384 2819 0 +1003+497
620 2149 5233 109 0 0 5592 3103 0 173 5501 1406 0 348 2511 0 +940+515
672 3306 3311 0 0 1104 5149 29 0 2832 4565 1158 243 2398 1451 0 +826+545
543 2684 2687 0 0 1450 3855 1555 0 2739 4889 994 481 1572 2326 0 +800+488
625 2660 3059 0 0 1354 4140 2829 0 2439 4732 996 338 1070 3113 0 +866+517
0 0 0 3520 2557 3999 4052 3558 2867 6627 5484 7306 0 429 1615 3750 +1240+475
0 0 1055 2552 1396 3231 5211 2710 3089 6839 5839 5375 0 0 749 3993 +1196+463
0 0 1657 2728 3484 6746 5205 2948 1032 3042 4200 4007 0 0 702 2693 +1214+423
0 0 1323 3095 2634 5134 4759 3318 2335 5633 4512 5688 0 0 91 3316 +1102+389
0 0 150 2035 0 5509 5479 4678 0 4112 4416 7321 0 0 0 3016 +1160+510
0 1510 2037 0 994 6619 8003 883 814 2604 5031 2704 8 742 1166 2300 +1041+416
0 0 336 2155 1762 4486 4031 3394 1525 5017 4214 5100 0 0 646 3452 +1060+442
0 0 879 2486 2322 3705 5018 2735 2754 5869 5281 6620 0 0 0 2782 +1174+441
0 823 897 2152 2436 6566 4601 5519 557 2192 1908 5474 0 0 0 2222 +1188+423
0 0 662 2322 2467 6971 4351 3734 1151 2958 3181 5933 0 0 0 2101 +1088+437
0 0 455 2926 2464 6363 3228 5292 1371 4258 4157 6820 0 0 16 3529 +1224+436
0 0 217 2148 2477 6948 4069 5420 993 2969 2732 7517 0 0 0 2591 +1259+457
87 1588 563 1600 2943 4787 5599 685 609 2904 2520 0 0 1244 2676 0 +1157+529
0 1826 2733 915 1742 5943 5470 402 0 2401 1929 0 0 1519 2399 0 +1063+531
1426 889 3284 803 2811 5292 4823 284 1746 23 2031 0 34 1290 2099 37 +1064+461
255 1395 1018 748 3258 3993 6168 192 2263 332 2133 0 1045 1733 1122 0 +1002+460
1086 1208 2855 217 4355 7227 4438 0 2390 345 2366 0 19 1824 1656 0 +1047+574
288 1812 2350 695 2909 5971 7386 770 609 3287 2494 0 0 801 2462 0 +1070+466
667 1037 2199 1030 2874 6416 7345 1005 2680 1385 2503 0 263 1474 2739 659 +1073+484
1109 969 1634 2542 3651 6209 6544 1412 23 3320 2909 0 0 937 3046 122 +1259+461
0 2343 2113 977 2734 5477 7411 677 1518 4014 2529 0 0 1692 2786 0 +1054+488
514 1573 2499 1661 3617 6052 6985 102 3309 1030 2631 0 225 2039 1826 0 +1243+535
924 222 3942 929 4740 6441 6762 342 3529 511 2682 0 967 2561 1362 0 +1193+528
608 1489 4506 1022 4067 7155 6035 130 2417 0 2757 0 779 1624 3342 453 +1085+573
2450 2610 3289 2933 3239 4438 5475 688 2990 4820 1620 0 1093 2189 1975 0 +1008+667
1830 2143 3253 1611 2116 3173 4038 1386 2568 5796 2592 0 838 1672 2589 0 +1137+609
1154 4338 2692 2226 3492 2475 4012 1444 3604 3435 3483 0 596 1818 2635 0 +1218+624
1395 3143 3550 2962 3258 2112 5289 452 1935 5430 3363 0 1063 2188 2436 0 +1146+677
536 5173 4890 3099 2721 2204 5527 501 1167 7307 3934 0 0 0 1924 0 +1376+772
863 2082 3831 2507 3792 1604 4279 1703 4334 5550 4504 77 46 1864 3268 0 +1217+632
1902 3497 5730 2373 3991 1386 3401 0 5628 5198 4784 0 0 0 2331 0 +1227+717
625 1573 4280 3026 2688 1975 5424 614 2946 7694 3928 0 1612 2058 1944 0 +1209+653
997 3633 4823 1785 2438 1411 2778 1487 1723 4190 4377 378 322 2837 3235 0 +1150+577
0 3328 3954 3907 0 2909 2813 1664 0 4518 4073 37 0 1717 3067 0 +1162+747
402 787 3685 1844 4136 1991 5096 947 4148 6736 3841 0 1074 2481 1557 0 +1243+741
247 2635 3968 3508 3092 2384 3157 247 3799 4013 5196 666 0 34 3076 0 +1123+655
1823 8559 7329 372 2098 7228 8899 3693 1487 7021 2976 410 0 3349 1401 0 +1208+460
2053 8252 5815 670 1120 6607 11126 4001 531 5296 4877 1204 0 1784 2913 0 +1213+483
2076 9352 3792 2446 1553 8212 5805 3344 0 6407 3556 132 0 2600 1641 0 +1173+522
1695 7977 6254 1756 1184 6290 6490 2216 760 5605 3572 0 0 3696 264 0 +1156+409
1797 7896 6012 1426 1247 6738 5284 2439 774 7145 3213 0 0 3481 655 0 +1144+470
1832 10061 6206 1380 1635 8216 5672 1796 1401 7242 3004 0 978 3802 0 0 +1244+486
1601 9825 5033 1665 1443 8741 6080 3595 629 6727 3109 328 0 3581 1373 0 +1216+496
933 8174 6915 1408 1350 6313 7584 2233 1272 6738 3364 0 0 4041 597 0 +1203+437
2822 12162 3983 2356 1201 7719 4911 3335 394 7076 3488 1 0 4054 1037 0 +1231+511
2069 8212 3672 2330 1329 11735 3411 3396 258 8124 2977 220 0 3051 1435 0 +1176+514
403 1196 0 44 2057 14851 5976 4454 1890 11848 1732 3011 0 2482 3235 0 +1467+481
2732 10904 5880 1032 1105 9119 5105 3747 140 8008 2853 771 0 3418 2146 0 +1315+517
0 2441 3127 1772 1458 5584 5555 2104 1767 2450 6182 436 825 1943 1584 0 +773+502
1229 5373 4979 1440 5065 7439 9877 464 3480 2230 5495 1543 347 1358 1240 0 +1126+661
0 1599 2593 2219 2109 6683 6738 2778 2251 4230 8451 1161 1498 2538 2319 0 +978+588
7 2017 2931 2717 2424 6393 6929 4966 2422 2989 5946 2849 1399 1439 2649 547 +983+615
239 4098 4461 3235 2534 4450 6837 4677 2454 2263 7669 3881 680 1993 3202 817 +977+611
514 2611 3049 2799 2600 6069 8495 3494 2547 2872 9344 2782 1110 2090 3105 171 +1011+590
410 3118 3655 2072 2242 4768 7398 2211 2281 4574 5876 2742 1052 3025 3903 522 +930+575
445 3718 4317 2771 2433 3940 9258 2700 2369 2539 9174 1875 1232 1479 5450 0 +939+585
273 3522 4124 2683 3199 6069 8547 2183 2635 5266 9451 927 1604 4971 6584 0 +994+640
103 3592 4081 2422 4567 3513 7201 2208 3848 6076 10812 0 1050 3789 4628 0 +901+608
0 3251 1789 1456 3861 3788 6207 2608 3863 7747 8383 0 994 2612 2184 0 +765+627
89 2734 2799 2346 2319 5902 6823 2909 2372 4897 10192 73 1285 2225 2569 0 +941+595
0 0 744 4110 1873 4139 4953 5287 128 4200 4120 3818 3609 750 1132 317 +1470+433
0 0 136 4538 1725 698 5346 3485 1060 5658 5677 4927 0 5119 2010 1720 +1618+442
0 0 1414 2998 3271 2824 5824 3174 0 4669 7048 363 418 3533 2192 530 +1494+443
0 0 169 3372 1429 1073 5780 4360 1071 7511 5990 3234 2807 4555 0 747 +1653+440
0 0 1073 3836 1132 1089 5464 2120 2594 7562 6746 0 4504 3346 2050 0 +1678+405
0 0 747 5074 0 6434 7565 4504 0 4357 3898 1452 2256 3291 3749 0 +1609+528
0 0 834 4373 1857 3906 4378 5422 103 5623 4754 3741 3875 1094 558 0 +1752+438
0 0 2209 1850 2199 3542 6871 765 0 2849 4498 3076 167 4137 445 688 +1516+429
0 23 2243 2493 2676 4197 4586 3696 218 5476 4813 4608 291 3697 2658 2673 +1640+389
0 0 2273 2250 2139 3478 5240 3958 878 5722 5548 4428 117 4617 1431 203 +1706+457
68 727 3242 2537 2644 7884 5531 3912 1360 5650 3018 1787 4739 563 2247 195 +1532+470
851 67 3823 2487 2320 3754 4860 3561 354 3771 7461 4908 0 4296 2799 2756 +1792+470
1078 3477 3117 685 1978 4335 8591 1088 1793 2866 1500 1529 6 1252 1837 0 +891+473
874 1438 1730 713 3588 8086 8949 1934 2191 2262 2216 1073 0 0 2239 0 +968+419
0 0 1550 323 2327 8369 9345 2370 2253 3849 4184 1532 835 392 2447 0 +1029+459
708 3802 4800 1997 2410 5204 6849 2793 2796 2347 2181 628 50 0 2128 0 +908+424
0 0 1776 298 1374 8494 9420 3498 3114 2019 3628 1792 0 0 2583 0 +1079+461
0 557 4030 11 683 9237 11370 3544 3557 1796 2355 558 0 0 2433 0 +1036+484
0 420 1333 984 4255 9690 8249 1683 3493 2952 3986 644 815 0 2317 0 +1089+492
500 2251 3074 185 2987 8038 7754 1879 3225 1544 2208 637 0 0 2231 0 +1005+460
0 1063 2821 0 1053 7997 8867 3835 3016 2105 2944 534 0 0 2180 0 +971+454
151 603 1159 966 2956 7856 9245 2581 3415 2223 3908 576 0 47 2335 0 +1002+459
0 0 1116 916 1433 7371 10590 2877 2505 1871 3174 1046 0 337 1935 0 +1014+438
198 3261 3837 0 1735 8435 8596 1859 2955 1399 3126 678 0 98 2006 0 +956+554
1756 4693 5573 1185 2314 1259 6396 1398 0 916 5485 1874 0 0 1152 1386 +1241+469
433 1670 2918 1715 967 4322 3505 1423 0 351 306 0 0 0 0 181 +1735+476
1173 3695 3837 1393 1985 3965 4213 2917 0 543 4646 2004 0 0 2064 2004 +1279+411
0 4480 5961 3872 0 2084 7371 4692 0 0 4272 2778 0 0 2039 1111 +1466+520
993 5872 5517 1555 413 5875 4056 1484 0 1324 5276 1811 0 0 1799 2570 +1408+461
1081 6616 7135 3513 678 4592 2419 3573 0 0 5075 2827 0 0 2525 2178 +1539+457
1204 5270 5628 2758 1575 4711 4109 2989 0 475 4862 3357 0 0 2053 2264 +1295+464
1176 6389 4622 3037 0 3966 5452 2867 0 0 5870 2633 0 0 1844 4595 +1436+469
1149 6608 7121 2152 0 3033 5642 2393 0 0 5710 3072 0 0 1515 2607 +1429+489
637 4832 2345 0 3839 6372 8266 1558 25 2672 6697 2863 0 0 5030 198 +1452+485
1265 5905 5703 3397 0 4872 6519 3785 0 283 7445 4310 0 0 1779 1766 +1477+458
2279 7325 6600 1942 450 3207 6149 1839 0 0 6701 2705 0 0 2328 1493 +1567+462
0 464 933 614 619 3086 2439 1225 1133 2117 1945 1491 217 1095 1334 19 +520+600
1008 5336 4632 5021 3603 7778 6744 1988 0 13324 6208 0 51 4828 1529 0 +1457+668
1724 5893 8446 6429 2999 6847 9300 615 0 11765 3893 2170 0 3108 1105 0 +1513+651
887 4527 8527 6568 3247 5968 11242 1439 42 8102 6168 70 924 1861 0 0 +1336+747
584 5496 5374 3467 3313 8378 10336 3407 0 8558 6268 0 0 3963 1263 0 +1433+793
1391 2411 3888 4251 3058 7020 9905 4013 478 4979 5075 0 0 627 21 116 +1246+740
1296 3081 7123 7040 2784 4219 11500 3295 0 8517 5054 1503 1720 1023 0 0 +1341+674
1274 3028 4726 4513 3269 5788 12363 3142 0 7004 7064 1578 0 3566 1543 1002 +1391+763
723 3620 6206 6087 3418 4915 10145 2824 0 6259 7631 439 0 2551 0 0 +1340+746
1170 4551 5641 6717 2939 6760 11652 4505 0 7429 8520 2570 301 2130 0 0 +1327+713
1276 5045 6465 5738 3049 7210 9373 1268 513 7031 6264 0 576 2430 0 0 +1488+642
1131 3614 4773 5887 3621 4861 10623 2233 320 8078 5277 1337 0 3153 0 0 +1476+705
0 436 976 0 107 977 3919 69 1 1003 2694 666 0 639 791 775 +513+267
0 126 699 134 14 1709 1720 1044 29 1478 2657 919 0 287 1087 215 +440+235
0 6 259 0 126 1960 2437 0 35 1313 2610 61 0 193 445 342 +432+274
0 505 600 0 104 1672 2562 52 0 1298 3421 822 0 396 1379 209 +486+226
0 0 737 0 76 1993 2895 287 211 2016 2925 688 0 936 2402 183 +521+296
0 232 323 0 0 853 3628 505 0 762 3822 580 0 271 2315 110 +499+344
0 0 530 0 133 1303 2474 282 17 1109 3364 578 0 201 1304 686 +461+258
0 0 541 0 130 1456 3451 556 0 683 3288 1025 0 421 1385 243 +495+263
0 343 270 0 0 875 3146 222 149 1654 2472 1722 0 97 1099 833 +514+273
0 0 1120 212 121 1315 2911 1212 0 1209 3787 484 0 235 1242 476 +529+269
0 0 722 0 48 1024 2921 685 0 1089 3795 1341 0 783 1072 267 +538+242
0 0 541 686 0 977 2789 1516 284 2785 2790 2476 0 299 1531 1475 +618+283
788 1892 3296 690 0 1647 2989 0 182 2648 1872 0 289 3688 2450 0 +1484+397
242 1723 2962 970 0 152 3681 0 832 1944 3943 0 93 2416 2612 0 +1455+341
646 1793 3270 571 0 843 3547 0 519 2945 2549 0 285 4721 75 0 +1575+375
577 1754 3499 954 0 515 3951 390 184 1946 3678 0 0 1021 3512 0 +1396+350
229 1565 2621 882 0 495 3742 0 139 2804 2635 0 271 3990 462 0 +1462+316
38 1687 3046 981 0 1027 3756 0 893 2860 1837 0 394 4589 0 0 +1496+355
690 1865 3225 529 0 1364 3788 0 113 3801 3686 0 0 1782 2668 0 +1414+381
411 1496 2166 557 0 427 2886 0 692 2353 2539 0 17 3723 1582 0 +1438+322
0 1375 3124 801 0 880 3439 0 944 2570 2999 0 0 3569 1037 0 +1600+343
10 1703 2683 683 0 628 3099 0 867 2178 3014 0 0 1365 3382 0 +1411+354
7 1779 3023 665 0 389 3689 0 701 3790 2730 0 344 3201 533 0 +1469+359
0 1357 3884 1087 0 1145 3435 0 849 3080 2181 0 262 2837 1362 0 +1544+317
1188 2676 2618 0 547 3982 2974 1364 0 3235 2584 0 0 2405 658 0 +899+447
205 1594 1895 1617 1424 4614 3135 0 75 3463 2044 0 0 1886 694 0 +805+431
0 745 1560 1708 1990 5969 3038 0 86 3044 2244 0 0 2603 452 0 +837+520
734 1631 2038 0 388 3169 2884 1203 0 2336 2556 0 0 1634 1011 0 +805+419
0 911 2264 0 1321 3919 3939 1315 0 3364 1532 0 0 2763 0 0 +763+441
24 1535 2248 1220 1449 4146 4389 178 9 3307 2391 0 0 1406 1346 0 +836+426
1809 3095 2103 128 407 5399 2314 42 88 5116 0 0 0 36 0 0 +1001+483
34 1342 2327 0 1006 3426 3943 1064 0 2341 2568 0 0 2820 341 0 +807+421
0 821 2375 0 1385 4240 3453 891 0 2488 2203 0 0 2557 608 0 +816+437
978 2641 1273 316 549 3993 2606 806 0 3386 1951 0 0 2409 0 0 +766+489
196 1757 2565 1309 1253 4383 3845 62 265 4214 874 0 298 3046 0 0 +815+441
208 1361 2687 1065 1163 3970 4746 571 0 3160 2424 0 0 1949 1353 0 +869+453
532 5579 3709 0 3418 4305 7953 2343 1749 5086 10801 72 0 2122 3718 0 +1337+481
794 5459 5405 1225 3826 4786 8486 2888 88 3370 11637 454 0 0 2211 0 +1586+443
0 550 6435 3078 0 8173 8663 4495 0 2074 9572 5264 0 270 1733 2941 +1480+623
0 2858 5386 1113 2896 4436 5779 3818 0 2412 7762 5254 0 1308 1961 2898 +1435+436
0 1527 4459 1236 1904 6547 7479 3036 1097 4616 8433 292 0 1299 6660 11 +1236+480
0 4932 5260 0 4599 5366 6466 3401 1613 4454 10384 7 438 2835 5132 0 +1255+519
0 3052 5022 2352 3402 5462 6899 2197 0 2954 11866 1154 0 1704 3294 0 +1363+462
247 4400 6530 553 2393 4658 8262 2093 0 3582 10252 0 0 0 2985 0 +1495+443
0 2584 6108 527 3151 6705 8088 3022 521 3157 13486 1216 0 1358 3067 0 +1470+464
0 1176 7107 458 360 7578 8006 2906 0 2628 11972 904 0 1025 4283 0 +1339+541
149 5348 5721 60 2938 4870 8091 2187 0 4029 10721 0 0 0 2940 0 +1490+471
0 4152 4875 237 3534 5300 7762 2553 796 1982 13040 40 0 879 2545 0 +1430+497
0 0 2868 2457 0 3258 8554 1360 1197 9426 9197 436 0 3130 2581 0 +1422+724
0 0 2573 4001 0 2885 6844 4183 1748 5572 6856 1969 2447 4571 728 0 +1216+672
0 0 2511 4253 0 2487 9227 4131 1822 10862 6788 250 1403 2068 980 0 +1261+673
0 0 4383 4631 34 4214 8238 284 1849 9270 5534 0 1543 2960 0 0 +1281+705
0 0 2062 4601 0 1719 6288 5089 1595 6354 8020 1471 96 3406 1735 0 +1161+626
0 0 1756 5782 0 3626 9763 4865 2650 11165 5166 0 2209 361 1632 0 +1368+634
0 0 2167 5412 0 2728 7491 4774 1662 9785 7843 767 2058 2985 1509 0 +1278+698
0 0 3431 3862 21 3935 6208 5234 1583 8209 4731 1105 1695 1837 2458 0 +1175+627
0 0 3120 4260 0 4840 8143 1952 1873 11615 5192 0 2227 2419 606 0 +1216+648
0 0 3536 2579 0 2841 9088 673 1645 8939 6072 2 1530 5658 1161 0 +1236+731
0 0 1927 4579 0 2964 9743 622 1472 9932 5007 0 2639 1586 455 0 +1185+691
0 0 2300 3516 0 2591 8494 586 1180 10465 6296 0 2987 5626 420 0 +1149+670
0 1853 4444 629 3051 10747 5469 3706 4590 5833 1431 903 2016 68 0 0 +911+487
0 812 1815 1999 1341 7832 4978 3079 4349 9220 3041 1004 666 2513 124 0 +866+488
0 509 1693 925 1631 8752 4786 3556 1953 7523 2397 1379 553 2837 774 0 +784+488
0 142 2533 2114 1752 8758 6219 4448 2152 8461 2894 820 2004 2303 572 0 +879+494
187 567 4298 3110 3909 10484 7712 2889 5226 5010 1317 0 1998 12 0 0 +1031+451
0 1131 2719 1467 2716 7777 4707 3983 3426 5016 1556 950 2021 2177 462 0 +734+470
2 2 2708 1607 982 8406 5896 4506 3110 5735 2414 633 1581 2001 70 0 +761+512
281 137 3116 2018 1614 7309 7100 2950 4652 6729 2301 0 2863 1952 0 0 +869+539
0 109 879 1780 2662 7012 7862 3643 4632 5353 2235 734 2469 2395 420 0 +829+450
0 10 1882 1811 597 6843 5664 4167 2207 7756 2413 890 1529 2782 644 0 +754+532
0 1104 2831 1347 2493 10177 4529 2226 3689 4825 1581 113 1931 796 0 0 +770+499
0 812 2444 1148 2716 9730 5877 4399 4104 5159 2537 711 2569 1630 241 0 +882+510
6 1770 2783 942 0 2151 6434 148 235 1752 4552 1703 0 400 577 0 +740+308
601 2287 3674 7 15 3594 5414 0 299 2159 5432 721 0 737 429 0 +837+342
375 563 3345 475 250 5673 6171 17 260 5105 3520 2132 0 1166 0 0 +979+322
0 421 898 318 0 2127 8406 706 373 1645 6739 2668 0 1244 556 3 +890+350
0 1663 5109 753 0 2231 5959 1331 279 3360 3178 2078 0 1209 0 0 +891+326
0 4768 3117 0 0 6151 3347 0 675 5162 3028 0 0 1059 0 0 +905+444
130 4654 2334 438 0 5966 3759 160 1183 3258 2322 0 231 0 0 0 +943+375
32 2445 4052 578 24 3333 5442 0 305 4619 3090 803 0 884 0 0 +836+330
0 1482 3813 955 0 1481 6315 812 284 1700 5357 2059 0 0 1515 275 +868+316
654 1290 2430 732 0 2562 5233 264 71 3553 2578 2010 0 780 0 0 +755+270
729 2690 1899 434 213 4011 3289 0 175 3586 3706 430 0 799 519 0 +757+292
0 0 1629 669 76 3847 5285 1407 241 3509 4775 2302 0 0 1248 121 +882+309
0 5837 2310 685 1790 5165 16679 3597 0 59 10364 2111 0 0 985 0 +1274+606
1119 1906 423 0 2713 5869 9098 1052 0 1517 11756 2729 0 579 6406 2947 +1116+500
1176 3790 1212 0 3411 7623 9882 1853 0 2322 12708 5003 0 149 6928 0 +1082+583
662 2685 1362 174 3100 7056 8390 2665 0 1297 11441 6970 0 66 6544 2371 +1049+570
196 4174 1393 436 2254 5975 7916 3578 0 1226 8746 7682 0 0 5707 1540 +1012+502
1369 3164 1375 9 3989 7389 9213 1694 0 1054 11033 4459 0 429 8136 142 +1072+568
48 4749 1588 531 3589 6232 11608 3107 0 346 10572 4772 0 554 6005 1282 +1021+581
943 3377 0 0 3259 7950 9097 50 500 2517 16250 4756 0 493 8645 632 +1175+592
0 4552 0 0 4246 7733 11040 553 0 1543 14852 5891 0 0 9286 2038 +1139+665
2511 1526 0 0 1949 5871 7953 0 1054 6071 14727 5294 0 1401 8072 71 +1260+604
0 4266 1516 9 3404 5499 13705 1778 0 821 12817 5228 0 961 5916 2669 +1128+572
0 4075 1160 0 3475 6717 11609 0 0 1659 14510 4430 0 983 6679 2279 +1096+651
0 4852 1075 2232 676 6885 4519 108 669 4826 498 0 1340 925 0 0 +1306+443
0 5847 2664 2214 15 4257 7039 177 660 4857 138 0 871 191 0 0 +1345+468
413 4267 1517 1994 245 5978 5452 3 752 4366 261 0 540 800 0 0 +1295+430
0 4070 2633 2091 0 5884 5672 0 952 4675 23 0 437 338 0 0 +1374+482
0 0 85 0 0 0 965 0 0 446 1295 222 0 0 372 290 +393+207
720 5828 4627 2423 80 4689 6313 58 1192 4120 78 0 274 120 0 0 +1403+471
0 2976 4646 2817 0 6390 5065 567 484 4489 932 0 1381 970 0 37 +1285+519
1369 4229 2539 2605 2487 5720 6791 165 0 5781 409 0 1179 603 0 0 +1398+483
1430 4226 3524 2533 3206 8412 4235 671 1470 3895 1285 0 1023 1422 0 0 +1406+482
0 6501 3248 2477 120 7982 5648 9 1004 4464 241 0 239 782 0 0 +1437+482
0 1488 6071 3155 0 4336 7646 297 557 5785 162 0 1912 160 0 0 +1382+487
0 2523 5648 3621 0 7052 6289 263 531 5464 667 0 1526 651 0 0 +1468+490
0 0 1797 1668 1561 5588 8538 2017 1742 3044 2102 1125 2666 1581 0 0 +1052+594
0 0 1174 3948 1927 6295 8903 2033 2395 4744 1268 0 2132 445 0 0 +1577+710
0 0 3029 2509 2592 6621 7025 887 1123 6057 1915 0 1612 592 0 0 +1277+745
0 0 123 2667 1280 2709 6801 2057 1757 5351 2613 1129 2483 1266 0 0 +1109+678
0 24 3910 2694 1921 5451 7338 521 732 3709 1852 0 440 2123 0 0 +1247+652
0 155 3164 3199 1895 6802 8512 2984 1205 4624 706 0 2422 321 0 0 +1671+740
0 1325 7170 2122 3075 8320 7516 40 3172 4710 344 0 2635 0 0 0 +1579+754
0 163 3339 2024 3186 8881 7091 152 4073 4439 884 0 1863 184 0 0 +1516+792
0 0 1859 2095 1656 5779 7487 3008 2411 4501 2993 0 1631 1851 0 0 +1261+671
0 1035 5696 3061 2496 6243 6038 0 2080 4081 1376 0 481 946 0 0 +1352+730
0 4000 7129 642 5269 10373 2904 0 6129 2873 0 0 2398 0 0 0 +1612+923
0 296 4542 2306 2074 8009 6973 1268 3152 4082 253 0 1740 308 0 0 +1299+694
0 0 865 1181 0 3435 2167 2146 1504 7956 4429 731 2124 3322 399 0 +1203+395
0 0 1011 1134 0 3334 2057 368 1691 6673 3686 1081 1882 3034 405 0 +1299+374
0 0 1154 1266 21 3757 772 0 3738 6925 3596 0 2494 3607 0 0 +1429+403
0 0 782 1587 0 2239 2292 803 2099 9036 4377 565 2184 3713 3 0 +1326+398
0 0 747 1287 0 3718 2091 0 1586 4829 1898 0 1477 1663 0 0 +1235+403
0 0 984 1265 0 2591 1011 1106 1387 9236 4226 691 2140 2770 347 0 +1398+391
0 0 889 1729 0 4118 1140 347 1972 7080 3889 975 2102 3371 14 0 +1359+424
0 0 704 1261 0 2313 3462 0 1407 8224 1877 0 2593 1542 0 0 +1235+402
0 0 837 1446 0 3693 2451 0 1777 5972 855 0 1776 830 0 0 +1371+390
0 0 484 1366 0 1834 2405 1198 1141 7648 3443 1445 2648 3017 865 0 +1152+402
0 0 570 1840 0 1296 1564 0 2342 9081 3452 0 2222 4318 0 0 +1299+408
0 0 1011 1259 0 3956 1242 0 904 8852 844 0 2469 2282 0 0 +1303+395
0 981 5242 147 1259 6530 3240 4299 4248 3070 5103 598 1709 1779 3150 0 +1269+470
0 860 4328 1672 0 5195 4725 4003 3521 6132 4258 462 0 3735 3359 0 +1239+509
0 1044 3909 1125 727 4528 4323 3839 2367 1599 6367 1968 1083 5070 5827 92 +1147+498
0 866 4095 2692 686 5574 6031 2886 2748 5753 4510 0 797 4839 689 0 +1332+499
0 1302 4014 914 1737 5183 2794 2827 3876 4839 4239 0 3027 1717 3028 0 +1212+489
0 838 4141 1634 61 8747 4407 3367 3352 5894 5014 0 0 3059 3375 0 +1183+539
0 1021 4486 1792 1324 6551 988 3074 4886 4552 4457 0 4975 1629 1662 0 +1240+538
0 378 4395 1664 0 6331 2188 3599 5383 5096 4087 46 1644 3421 2844 0 +1213+542
0 663 5123 1509 899 8854 2850 3225 4199 4064 4151 0 3486 2428 1341 0 +1306+543
0 933 3916 1863 445 7008 4031 1972 3083 5550 4098 0 2914 3542 1706 0 +1187+541
0 1485 3809 1282 622 7751 2510 2499 3575 5653 3848 0 1730 5217 815 0 +1230+464
0 1185 4394 556 1167 7838 4137 3874 4441 5394 3232 758 2987 2762 3189 0 +1265+512
43 299 2512 5228 1623 3045 7392 3636 1489 3525 3548 0 0 3759 0 0 +1452+648
46 385 2257 4790 2225 4414 8855 1663 2122 5300 1164 0 2072 320 0 0 +1369+723
771 1496 4492 5956 1379 4260 7135 591 643 2761 1759 0 0 2684 0 0 +1502+543
4 1298 3806 5297 2249 2839 8784 1324 1603 5232 1546 0 1425 1624 0 0 +1496+649
0 154 3849 5328 2097 4746 5348 5002 2239 1516 6243 0 0 2193 996 0 +1597+624
0 0 3121 3630 1067 5298 6093 3539 3517 1574 5221 0 0 1095 1078 0 +1392+634
0 0 2347 4407 990 4235 5413 2854 3077 3888 5184 0 0 2218 0 0 +1425+603
1107 1244 4350 5947 0 2846 7516 1928 1639 2483 5699 0 0 1017 1329 0 +1338+775
263 1325 4700 5392 702 3751 7837 3059 965 3267 6519 0 0 60 2246 0 +1579+760
0 0 3448 3285 965 5535 6496 3349 3063 2154 6719 0 3433 2914 3048 0 +1497+728
0 1023 3064 5742 731 3114 6281 4919 359 3344 4082 4171 0 1606 1858 900 +1483+778
0 2563 6204 4450 2591 6248 7943 1032 4470 1303 9398 0 48 183 3114 0 +1756+680
0 346 2644 1387 0 2807 5127 1780 1230 5446 3728 32 2134 499 0 0 +1001+747
0 57 2241 2031 0 1242 6802 2131 915 4736 2981 597 1595 1048 0 0 +862+700
0 0 0 0 1038 2491 1312 703 908 2390 1270 0 0 240 0 0 +332+443
0 0 3611 3312 0 0 4794 925 2104 5531 2875 656 1284 1052 0 0 +794+768
0 0 3283 3057 0 47 6303 993 2363 6153 3248 183 1462 685 0 0 +896+710
0 0 1902 1453 0 470 7047 2018 2090 5167 1763 0 1516 413 0 0 +718+731
0 0 2684 3193 0 867 8388 2762 2322 5807 993 0 351 0 0 0 +992+727
0 0 2212 2479 0 14 8197 2425 1204 4063 2103 0 1309 58 0 0 +883+724
0 0 4453 2482 0 616 7907 342 3044 4528 1751 0 1126 0 0 0 +941+857
0 0 3525 2493 0 2 6653 1480 2006 5796 2546 36 1479 1125 0 0 +863+698
0 0 3916 3605 0 1002 5885 1856 2742 4910 2085 0 832 0 0 0 +928+745
0 0 3370 4029 0 751 6193 901 2912 5272 1826 0 858 0 0 0 +946+788
1227 4437 5339 3948 2781 6386 10393 1314 1424 7173 4325 0 0 2348 0 0 +1093+576
470 5521 9327 2030 2313 6035 11282 0 2209 9348 2902 0 0 2837 0 0 +1143+629
266 5063 7759 3851 2515 5112 14044 372 1656 4041 6169 0 0 0 1656 0 +1257+601
430 3501 6692 3781 2101 3250 13439 1627 1943 5351 6961 0 0 3521 13 0 +1125+592
248 5278 10463 1848 2096 7249 9370 0 2074 9531 2805 0 0 2532 0 0 +1217+649
296 2151 5260 3471 1351 5355 12030 1295 2310 4788 8687 0 212 1442 2150 0 +1084+527
133 3184 4289 4305 2117 5455 11579 1453 1864 5902 6133 0 0 2251 0 0 +1089+555
0 4521 6448 2707 1651 5195 12717 0 2140 7524 5175 0 0 2624 0 0 +1170+589
48 4663 9153 2750 1092 4513 12550 0 1927 6007 5910 0 0 682 1660 0 +1171+648
807 4888 7143 3253 3007 5697 12008 534 2372 6032 5946 0 0 2087 0 0 +1214+586
239 3994 6066 3184 1729 4898 10927 1248 2195 4950 7175 0 0 933 1481 0 +1020+582
1 1877 5936 4220 1309 6583 17665 5 1798 5322 9705 0 0 0 2856 0 +1464+590
0 714 2076 1766 625 2458 3173 2181 839 5383 2056 0 939 243 0 0 +735+568
0 0 745 1310 643 3794 3629 3432 1819 4629 3934 0 1022 329 0 0 +951+585
0 448 3567 3387 491 5759 6245 1485 1020 5817 1589 0 51 656 0 0 +929+652
0 105 1506 1410 0 2741 4017 4412 1100 3242 4521 928 1650 2976 322 0 +686+664
0 952 3032 3584 527 3800 5998 3003 691 5092 1422 0 841 448 0 0 +890+620
0 407 2359 2794 11 4040 6152 1515 569 4305 883 0 708 251 0 0 +814+529
0 757 2382 2876 586 3879 5093 2272 1622 4137 1237 0 934 423 39 0 +863+584
0 822 2387 2740 684 4022 5994 1261 1025 5072 904 0 898 402 0 0 +861+553
0 1135 2951 4107 1184 3973 6305 2573 581 4390 455 0 932 380 0 0 +968+554
0 1455 3212 3447 812 3759 5014 4044 1481 4865 2014 171 1119 364 0 0 +926+647
0 603 2097 2074 443 3705 4404 1361 608 3535 896 0 688 337 0 0 +781+526
0 716 2453 3187 558 3981 4855 2680 386 4595 1043 0 622 562 0 0 +899+525
0 0 707 2294 547 1461 8715 2462 1038 7686 3725 0 111 2638 0 0 +678+393
0 0 206 3147 1043 1783 11881 845 0 7528 4046 0 0 4171 0 0 +878+444
0 0 252 3018 998 2197 8330 1710 278 8690 1114 0 2725 2037 0 0 +764+342
0 0 3088 1874 1285 3528 10464 1606 697 9817 3108 0 0 1763 0 0 +751+442
0 0 373 4252 0 3362 11900 3266 226 9203 3047 0 1105 486 0 0 +941+407
0 221 2833 3123 1793 5863 11475 1048 1793 9779 549 0 631 846 0 0 +922+381
0 0 2957 4999 0 7825 12708 248 1184 8151 30 0 397 0 0 0 +1109+441
0 0 430 3108 337 3528 9675 419 2323 9813 1741 0 1065 676 0 0 +822+405
0 0 903 2018 1653 4121 10025 264 8 11540 184 0 1067 3147 0 0 +902+445
0 116 3493 4500 0 6091 11456 202 674 9832 40 0 1130 0 0 0 +884+455
0 0 2719 3114 1234 5426 12539 322 2339 11932 858 0 895 1241 0 0 +877+397
0 0 527 2147 713 3519 11100 661 1183 13011 2263 0 1364 3807 0 0 +809+370
726 1728 2079 390 1039 2370 3362 0 147 1562 4833 2245 0 1720 3169 228 +1110+473
1410 2639 2794 0 1010 2595 3462 460 0 756 5467 1982 0 224 2251 2426 +1130+458
1655 1975 2676 0 989 2476 4015 213 0 686 5263 2479 0 188 2732 2366 +1160+433
1425 1918 2249 601 1075 3436 2901 0 102 2197 3297 2306 585 1102 3075 237 +1086+430
1272 1546 1349 832 1022 1986 3976 1120 0 250 4327 2416 0 98 2110 1868 +1048+404
1602 2364 1727 0 820 3052 2282 500 183 2369 3226 2842 0 1394 4077 1 +1069+426
1602 1861 2129 0 1320 2471 3971 659 152 1027 5195 1851 487 1545 3918 1149 +1160+467
954 2826 1697 1151 720 2209 4155 123 0 805 4683 2054 0 209 3784 1031 +1138+458
969 2486 2544 0 906 2643 3304 0 248 1645 3665 2580 0 613 4113 496 +1084+468
900 1852 1868 1289 1222 2921 3377 35 0 1380 4738 2081 0 975 3290 566 +1073+466
1575 2847 2140 1204 1354 1958 4953 347 0 496 5543 3083 0 319 3247 1068 +1177+483
25 4053 3359 0 843 2480 4462 127 175 494 4868 3227 0 1089 3902 489 +1159+495
0 0 2849 1971 0 3058 11187 2671 0 3734 12247 0 481 3075 3547 103 +1593+458
0 33 6411 3396 1031 5850 17195 3945 4156 2027 13501 2423 1974 1183 2337 0 +1625+426
398 206 3750 2544 1990 4801 12991 2926 2330 3325 14803 0 0 2968 3588 1005 +1654+456
0 0 2340 3137 695 4159 15387 4014 3138 4485 17183 214 2102 2943 1513 1125 +1714+467
0 711 3546 3583 2271 4399 12396 2273 1710 6166 15604 0 0 4843 6908 552 +1684+477
0 0 5284 876 2359 4588 14603 0 3362 7811 13768 0 0 4762 5855 821 +1697+532
0 0 3505 3277 535 2599 14094 2538 3027 3429 16284 38 2134 5833 6992 1163 +1659+565
0 0 3658 4824 1236 6037 15769 3444 3199 5220 13521 0 0 4856 4414 1334 +1683+517
0 2 4282 3965 1687 3685 11632 3854 2368 9857 12598 10 1264 7352 5182 791 +1594+460
0 0 4197 3917 818 5274 12831 3372 3019 8403 11585 0 672 4374 5392 102 +1534+523
0 0 1980 3288 530 3790 12387 2354 2775 9510 12786 0 565 4742 4924 395 +1586+491
0 0 5596 3367 2485 7702 10735 1990 5661 14058 2055 0 2465 2250 4234 117 +1637+477
0 4345 4674 2505 0 6598 9736 3 0 2203 8149 0 0 517 3685 0 +1460+735
0 4538 7148 0 0 5768 8273 0 0 1499 7907 0 0 0 3066 0 +1460+735
0 4854 7205 594 0 4978 10903 0 0 1201 9516 0 0 0 4488 0 +1510+735
0 6870 7761 0 0 5230 7992 0 0 4316 5967 0 0 2083 1934 0 +1460+735
0 6828 6607 0 0 6643 8666 0 0 2494 8136 0 0 0 3266 0 +1510+735
0 6711 8933 0 0 4015 9938 0 0 1377 8422 0 0 0 3878 0 +1460+735
0 6604 7698 0 0 4824 9968 0 0 1095 8663 0 0 0 3435 0 +1460+735
0 4618 3086 4298 0 6107 9971 693 0 1645 9786 0 0 0 3156 0 +1560+735
0 4576 7361 10 0 6596 9944 0 0 1724 9324 0 0 0 3127 0 +1510+735
0 6492 7385 0 0 5664 9371 0 0 1679 8196 0 0 0 4098 0 +1510+735
0 5506 7100 0 0 8600 8035 0 0 2286 8602 0 0 0 5319 0 +1510+735
0 4148 5978 408 0 10233 7663 0 0 3840 8015 0 0 0 6434 0 +1560+735
2 1379 3295 3138 571 3823 5943 4403 1357 3979 4406 1168 0 0 3072 0 +1092+500
0 696 2070 3353 715 6588 6532 4930 1909 4702 6130 256 0 0 3433 0 +1214+630
4 2588 4670 1796 726 2791 6827 4810 970 3120 3963 2183 0 0 3272 0 +1187+473
139 3183 4748 1095 1329 3199 5738 4025 1746 3825 4416 3379 0 0 2330 770 +1106+541
0 2200 4694 1883 257 4599 6576 4407 1319 4028 3945 3620 0 115 3344 0 +1133+531
0 1029 3101 1244 663 4095 6197 4015 336 2974 5315 4802 976 1120 816 2488 +1010+485
0 2189 4555 1867 644 2565 5643 3803 1152 3564 3077 2596 0 0 1883 1323 +1116+509
0 1819 4891 1024 147 3466 5937 3789 1743 3664 3728 2076 0 0 3244 0 +1159+552
589 6143 4221 970 1139 3746 3610 2336 2105 4223 2612 0 0 0 3129 0 +1091+677
0 671 4037 4751 0 2895 5970 5014 936 2175 4115 2831 0 0 3191 301 +1176+650
0 1792 5500 2270 20 3065 6110 4521 1438 4455 4303 2320 0 0 3276 0 +1136+605
0 1686 4208 2973 254 4184 6865 4402 1324 5003 4195 2031 126 180 3232 0 +1144+588
897 2794 1325 1337 1731 2730 2943 2850 506 4209 6052 3067 0 1025 3774 2676 +1010+485
0 2223 1726 847 79 3057 3260 1972 0 4970 7170 581 0 649 3537 683 +960+485
0 2213 1997 1443 0 4668 4860 1822 0 2478 6335 2999 0 98 819 395 +960+485
695 3516 2938 0 1277 4166 3593 0 578 4599 6455 0 0 0 0 0 +960+485
0 1887 2397 774 126 4363 4853 265 0 4674 8146 1293 0 436 1451 14 +960+485
168 4698 5223 680 545 3477 3901 24 276 4082 7399 0 0 0 0 0 +960+485
205 2695 1944 1331 25 3451 5560 839 0 2856 8213 0 0 1125 2154 12 +960+485
16 2679 2157 994 308 4601 4794 707 0 3424 7913 0 0 505 1706 0 +960+485
12 4087 4625 1890 0 2872 3795 1091 0 989 6302 1658 0 0 0 0 +960+485
0 2280 2535 1488 0 3681 4980 2276 0 3292 9093 1109 0 588 1452 0 +960+485
0 4067 4084 391 0 3518 6335 437 0 3278 7448 0 0 0 0 0 +960+485
0 2848 2258 1427 121 4783 5134 1172 0 2878 8416 886 0 0 0 0 +960+485
1954 3147 5233 3549 0 563 7792 1411 0 7358 2443 0 1162 2742 0 0 +1258+657
1165 1735 5035 4734 0 4 8376 594 0 6071 2422 0 762 4228 0 0 +1272+596
1364 3960 7442 1915 0 3788 3327 0 549 4137 0 0 2926 0 0 0 +1216+548
998 1460 3698 5790 0 619 8481 919 0 7639 1708 0 2082 1386 0 0 +1282+529
1579 2588 3517 6042 0 0 8022 373 0 6073 1477 0 65 4181 0 0 +1399+578
1213 3817 4957 3952 0 377 5477 1185 0 6817 2396 0 772 5133 0 0 +1213+541
952 1609 4724 4509 0 518 7705 1562 0 6201 3357 0 0 4746 0 0 +1255+538
558 1649 4323 4250 447 0 9359 789 0 6468 3113 0 0 4825 0 0 +1372+546
1787 2893 6048 6211 49 0 6159 2418 0 74 9590 0 0 4063 827 0 +1332+695
1142 1526 4082 5810 0 949 9258 107 0 7875 873 0 680 2303 0 0 +1406+548
849 1950 3730 3388 336 0 5877 1217 0 2381 4105 0 0 5573 0 0 +1227+531
1198 2230 5304 5607 0 0 7226 2635 0 0 10182 0 0 2343 2547 0 +1469+562
2717 2738 3512 1624 255 3168 4574 2491 395 6484 4642 0 0 3771 0 0 +1230+520
2102 2175 2302 396 1020 2449 6733 3129 0 5755 5770 0 0 5032 0 0 +1435+536
2634 3591 3228 2389 0 3626 3509 2133 0 5916 2329 0 0 3568 0 0 +1241+533
2764 4297 3421 2476 0 4121 4649 2045 1087 6750 2611 0 1427 3208 0 0 +1340+570
3023 3162 3694 3876 33 5625 4846 916 1841 8379 1109 0 2046 2210 0 0 +1354+582
2480 5228 3590 2069 0 4951 4313 2484 623 8403 2043 0 469 4220 0 0 +1409+623
3224 5698 1561 2631 198 5836 4169 12 1955 7897 204 0 2681 962 0 0 +1324+594
2551 3696 2592 3282 120 4535 3992 1030 23 10355 1587 0 2166 4295 0 0 +1314+630
2394 3118 0 3314 712 6502 3252 171 1814 8019 216 0 2750 796 0 0 +1218+651
1885 3941 3554 1877 0 4223 4225 868 0 6336 446 0 2117 1292 0 0 +1119+519
1977 2723 3660 952 0 4450 2428 936 294 6374 1292 0 2739 1221 0 0 +1289+522
2855 4127 2823 2007 0 4429 1424 642 1882 5404 479 0 3020 619 0 0 +1225+561
0 3125 2392 2016 44 4075 4948 1793 1419 4009 5651 1038 89 4774 1193 0 +858+463
4 1620 1101 1009 425 6070 4710 2499 485 4293 6129 833 607 4960 3247 497 +952+492
1106 3525 2565 1987 597 5103 6055 1225 610 3545 5796 1201 329 4092 3803 254 +983+460
0 3569 1926 2150 0 5853 4784 1389 667 3387 6198 218 487 4471 1474 0 +827+479
919 3663 2066 1404 865 5665 4100 753 617 4617 6024 1621 583 4465 2029 4 +831+462
794 3299 1992 1389 1746 6301 4194 862 624 4241 4649 1535 341 4419 3252 109 +889+484
0 4045 2705 988 2 4181 8285 2015 1039 5051 5419 1864 0 1082 1136 0 +882+434
0 2640 1823 1659 124 6268 4006 1125 768 5261 3802 1848 603 5265 2407 0 +856+489
0 1167 973 2243 1135 6355 4277 1605 556 4698 5627 1703 626 4649 1861 244 +910+440
1367 3606 3658 0 850 6653 4194 0 1821 6342 3000 0 615 5357 138 0 +776+529
28 2860 2032 2034 0 5373 5209 1498 912 4311 5117 1892 250 4173 2125 192 +855+451
0 1611 1316 2297 287 6985 5351 1548 806 4708 6899 2234 384 2850 3644 866 +921+454
100 1278 1367 1727 772 1221 2745 43 950 2099 2283 255 0 2234 0 0 +1065+364
182 968 1041 1460 522 1048 2121 2245 0 283 2001 292 0 1453 0 0 +1027+339
503 1253 2051 0 688 1245 2515 1393 0 1775 760 0 969 1012 0 0 +1123+412
0 52 77 0 0 2809 3577 3154 0 980 2377 1748 0 0 1372 365 +1062+562
1466 1154 1811 1056 176 1589 2473 643 0 635 2480 0 0 0 1609 0 +1021+418
1574 2478 2059 248 0 313 3183 1728 0 0 3355 51 0 0 1964 0 +1145+468
1300 1567 1109 1062 977 1579 2119 647 0 1330 1505 2735 0 12 1997 8 +1059+396
740 1258 2203 1074 1010 2437 2996 1900 0 467 2397 2968 0 0 2628 0 +1197+402
0 1600 1970 1155 0 1194 4263 1770 0 362 1914 1980 0 0 2371 0 +1192+491
915 3877 2082 0 1292 3189 2049 0 0 1570 2765 0 0 438 1790 0 +1181+537
946 2130 1949 0 1278 3382 2800 0 0 789 2511 0 0 2155 0 0 +1246+497
1210 1523 3307 0 78 4177 3496 1864 0 283 2908 1091 0 2804 0 0 +1353+523
0 0 1690 2828 792 8218 12637 2873 1912 6299 7661 2522 2741 4161 806 0 +1211+673
0 10 4569 0 5648 11579 13349 2791 307 11932 5998 0 3334 5901 221 0 +1238+860
0 0 3494 598 4917 11964 12700 3122 1840 7949 5530 0 2805 4953 199 0 +1184+768
0 0 4943 7 1646 11316 11869 2647 581 8843 8660 0 3347 4281 1164 0 +1227+826
0 356 4671 723 4003 11803 14095 3516 1109 7871 10756 936 4828 3864 271 0 +1341+755
0 0 4540 1113 1824 11165 18251 3090 314 9489 10088 9 3823 2754 40 83 +1376+911
711 0 2900 1657 4307 12038 15606 2482 2210 8781 10244 0 2156 5286 76 0 +1242+899
0 0 3338 0 4735 11858 14865 3681 567 8711 11141 1625 2259 3545 2729 0 +1362+722
0 0 2327 1771 4822 10109 16978 2912 1477 7250 7887 0 3703 3695 0 0 +1349+897
0 0 968 5225 5126 8364 15976 7727 0 6071 9521 2918 2642 1705 1594 0 +1118+802
0 0 0 5085 5961 8883 16713 5718 0 8673 14412 3131 823 5939 1974 0 +1247+869
0 0 2786 2231 3118 7644 12255 3201 1263 14361 11246 0 1184 6885 1179 0 +1355+870
0 0 2105 1063 628 5073 7632 3398 1904 5343 2180 0 1089 613 0 0 +842+482
0 0 2093 854 2190 7064 7351 3480 1924 5311 1814 0 1089 660 0 0 +897+589
0 182 6511 2263 1830 8183 6261 1323 2937 5952 1257 0 0 1566 0 0 +938+630
0 0 1367 2069 0 2152 7438 3879 4414 6498 4403 1354 1734 2958 0 0 +937+638
0 0 1524 2158 0 4258 7780 3104 3044 5571 3156 0 1088 1433 0 0 +866+601
0 0 838 2523 0 3926 8002 3436 3396 7798 2363 79 1363 1678 0 0 +970+687
0 0 2800 2511 1022 4909 7334 4365 984 3415 2057 0 0 1124 0 0 +853+553
0 0 2078 1400 0 5281 9427 2938 3747 5595 3400 148 2 1629 0 0 +875+684
0 0 2245 1586 0 3392 8604 3910 2151 5208 3647 436 1274 3136 0 0 +770+643
0 181 4179 4005 1964 5395 5435 1910 1094 2176 4554 0 0 1181 10 0 +750+619
0 0 3649 284 616 5103 7918 2793 2315 3545 1194 0 0 1159 0 0 +791+559
0 0 4055 1175 206 6408 8664 2977 3086 3803 930 0 0 1543 0 0 +984+603
0 741 2582 9033 1823 4468 12799 14690 1151 4164 11295 8597 0 0 4157 1659 +1440+580
0 0 5384 316 3201 6471 21218 9070 0 6312 16220 5432 3530 6281 6833 11 +1583+603
0 0 5513 3214 2351 4850 19658 8802 1608 1748 20446 12642 0 5730 15509 2905 +1451+740
0 79 2831 5532 3771 5560 12670 13123 0 2009 8083 2005 257 1907 1415 0 +1622+745
0 750 10988 8893 4624 9307 19025 6209 1 6520 16926 617 1103 9380 5414 0 +1402+701
0 1871 9554 3924 4482 6667 20103 9469 215 6387 14618 160 1787 6969 3290 0 +1504+711
0 1759 6075 4579 4720 5816 10699 8528 0 3023 7554 1230 1429 2290 564 0 +1438+760
0 5 5901 1753 4219 8651 24580 7538 1143 7240 18880 1552 211 4193 6587 0 +1568+711
0 216 3995 6221 3707 6556 20502 10266 156 439 16927 5135 2015 8568 9313 0 +1392+631
0 1207 10761 1510 3925 10211 15093 50 427 9378 10415 0 1653 7986 2551 0 +1680+727
0 639 9357 6307 3414 7817 18705 9145 0 2897 16991 3026 886 10588 8801 313 +1379+673
0 1205 9856 4413 4926 8208 21156 8030 0 2129 16095 777 1938 6233 10397 1415 +1527+692
0 1306 2887 0 700 4827 2794 1435 1291 3190 3223 2006 207 0 24 479 +733+504
468 3523 3148 1039 1584 4726 4593 2625 1606 775 858 1288 0 0 630 0 +817+498
32 2600 5308 0 1088 4044 4788 2539 591 768 364 2070 0 0 0 236 +944+518
0 1210 2839 0 1981 5074 3963 0 2054 2336 2362 2678 0 0 0 496 +785+514
0 112 1205 1101 151 3179 4283 171 126 3330 2566 290 1197 261 405 884 +703+394
0 565 3043 11 337 5988 3386 131 2406 1275 3945 2661 0 702 565 664 +806+473
0 290 2562 0 884 4327 4026 0 932 3155 1886 250 857 0 0 1232 +665+492
0 1782 3090 0 556 4537 2645 2148 2277 994 3462 1227 0 7 415 320 +613+518
127 1888 1713 0 184 4888 3869 1908 2664 1572 3649 1580 0 12 0 297 +759+537
0 425 1376 0 983 4936 3087 0 1581 2963 1735 1825 1809 196 0 313 +653+516
0 165 1588 0 726 5302 3051 0 845 3317 2775 2145 1337 16 142 385 +632+527
0 839 1573 0 1397 4053 4072 0 625 2336 2056 0 0 0 1215 603 +802+509
0 1399 1060 2906 3126 9440 6949 62 3152 7385 926 0 3139 2688 0 0 +1169+530
142 3838 3992 2464 354 8726 5113 0 64 7068 0 0 2696 60 0 0 +1257+430
0 1293 3647 2371 0 6119 9000 1415 0 7096 1984 0 1859 2053 0 0 +1253+398
0 2124 3502 3165 0 6477 7560 531 69 7583 707 0 3100 1815 0 0 +1053+454
0 2094 3770 2467 0 3740 7768 1750 0 3703 1258 0 1572 1295 0 0 +1236+367
657 2994 3581 3409 916 7767 8338 68 173 7645 245 0 3134 922 0 0 +1236+385
0 3003 4067 4131 0 6698 8190 781 0 6899 318 0 3609 1041 9 0 +1220+501
133 4299 4707 1995 276 6770 7795 697 13 8406 485 0 2539 916 0 0 +1296+416
256 1918 3425 3031 1894 7164 8863 1371 692 8129 1300 0 3387 1791 0 0 +1181+379
185 2328 2631 2280 651 7380 6979 49 275 7000 23 0 3763 1048 0 0 +1116+404
0 1545 2881 2771 0 7358 6537 57 641 8173 64 0 3775 913 0 0 +1167+434
15 1864 3598 1816 948 7504 7450 561 1082 8552 649 0 1864 2114 0 0 +1292+363
0 1184 1565 1689 2113 4178 6707 1270 414 5957 575 0 0 1445 0 0 +585+732
0 0 887 2192 1826 4636 5236 1382 667 6322 891 0 306 2045 0 0 +753+700
533 2247 3153 2101 1772 2822 5310 1619 286 5534 993 0 0 1150 0 0 +624+819
0 0 376 1652 4060 7823 7240 810 884 5137 280 0 0 2302 0 0 +579+793
0 1097 2238 2075 2047 3104 5657 1225 10 3939 1269 0 0 509 0 0 +491+746
0 2692 2919 2423 2016 5021 4256 653 1268 6803 87 0 162 950 0 0 +570+732
0 322 1373 1391 1975 5991 4365 76 0 4414 197 0 1698 3007 0 0 +531+819
0 227 1681 1918 2115 5189 4114 260 314 4634 231 0 0 1323 0 0 +533+742
0 896 2064 1499 1898 3584 4730 1589 96 4159 989 0 0 656 0 0 +520+773
0 0 2 741 1862 3555 6031 1982 92 2879 1231 0 0 2353 0 0 +574+760
0 285 2106 1807 2436 5837 4759 1669 0 4736 652 0 0 655 0 0 +503+852
0 0 0 1823 2250 6740 5017 1187 210 4574 874 0 0 1990 0 0 +639+830
0 0 7752 4979 30 6745 10222 2977 1372 5304 852 0 1419 393 0 0 +1290+625
94 2963 8461 3929 1006 9112 7774 840 2526 6007 412 0 1029 400 0 0 +1249+546
36 3864 10243 3288 1223 10718 6925 248 1915 5351 666 0 486 1244 0 0 +1285+486
0 2068 12209 8326 0 5136 13802 378 0 5951 89 0 1607 162 0 0 +1492+668
764 3669 8282 4859 1274 12089 8583 828 3146 7517 117 0 1329 412 0 0 +1490+526
0 3191 14148 4522 33 10024 8974 210 647 6302 405 0 175 1012 0 0 +1464+564
0 2144 12207 4435 0 11106 7306 0 1801 7125 41 0 1422 26 0 0 +1413+650
400 4930 10938 3843 1916 11405 5712 0 2403 5658 8 0 817 525 0 0 +1402+528
726 3351 7010 3204 1015 10389 10336 1243 1998 9118 1007 0 393 1049 0 0 +1286+532
0 2997 12091 4249 546 11163 8448 388 1284 5519 24 0 1112 211 0 0 +1378+580
1232 5683 9718 3732 2009 12640 4843 0 2390 6298 0 0 995 115 0 0 +1366+505
1163 3447 8378 1054 1306 13232 7921 799 2663 8803 0 0 812 1217 0 0 +1459+498
1879 4402 947 1180 1580 5296 740 2062 903 7894 3305 0 0 5329 1474 0 +987+490
2042 3973 177 1590 2119 5112 1305 1391 1831 7007 2912 0 532 6104 1296 0 +988+520
1440 3251 1398 360 1662 4398 1108 2559 906 5314 3398 352 0 3442 2212 0 +936+430
511 4444 1641 0 1451 4975 159 2233 1333 6668 3149 409 0 4443 1838 0 +961+445
1691 3792 625 344 2254 5043 238 2648 1158 7185 2354 365 0 4742 1479 0 +937+448
288 4019 175 1332 1592 5689 1048 2010 1312 7396 2647 0 0 5041 1394 0 +894+447
642 4416 1167 0 1333 5675 734 2178 1230 5878 3789 237 43 4539 1316 0 +960+440
1299 3335 578 199 1985 5499 694 2349 1531 6331 3850 1 0 4196 2802 0 +923+455
0 2056 3111 1901 0 4512 3586 2474 0 3953 6186 704 0 1585 4980 0 +963+602
612 4278 1641 1394 1633 5755 2030 1520 1463 6792 3627 0 0 5324 1620 0 +988+464
1945 4426 699 613 2362 5823 207 2374 1807 7383 2660 0 6 5080 2070 0 +946+521
1117 2951 1455 179 2053 6201 1537 2550 1352 6802 4107 363 0 4032 2972 0 +973+444
645 6569 3141 2726 4 6660 13173 4205 936 4790 9151 0 291 1744 1798 0 +1374+494
1295 6501 5327 3063 1947 8235 11326 3673 1099 7110 4967 1007 0 3793 1746 0 +1239+503
259 6407 5957 3767 1034 4878 10521 2321 1342 8989 4478 0 0 3500 1887 0 +1335+529
663 5276 5709 4972 21 6803 12903 4145 1243 6105 7218 0 685 1304 994 0 +1374+461
28 6183 6762 6190 1312 4019 13234 2426 1125 6650 7048 0 0 3070 1053 0 +1413+478
969 6384 7713 3825 813 6221 10994 2007 1264 5912 6877 0 2437 0 483 0 +1458+447
724 6206 5804 2471 0 7635 13347 414 1931 7482 5024 0 2193 0 0 0 +1407+499
0 5833 6550 5482 179 4485 13182 3177 650 6125 7018 0 531 1678 424 0 +1405+488
0 3559 5605 5279 1856 10467 13373 1325 1330 10757 2027 0 0 3396 0 0 +1489+550
999 4326 3556 2234 2100 7588 10967 3680 788 7927 6119 0 865 4237 48 0 +1398+519
0 2477 3038 4979 3969 11380 11704 1832 2149 10295 3705 0 0 3963 13 0 +1480+527
0 1491 2719 3813 1013 10676 11775 4219 590 7140 7189 142 443 2438 1582 0 +1374+526
0 1064 1148 671 855 2768 5509 2597 1773 1135 3074 1857 282 479 2238 406 +624+505
0 0 379 1252 137 3382 5460 2920 1981 2044 3373 2789 262 704 725 897 +636+450
0 1781 1813 2912 1494 2436 5668 3504 1059 1372 2247 1827 0 0 0 685 +647+574
408 946 826 502 713 2621 4510 2429 1022 2506 2871 2552 0 0 0 695 +591+430
99 802 256 17 0 1577 3929 3909 1516 1792 4457 2717 0 321 221 463 +524+473
1365 1223 3 0 117 3366 5272 1193 612 2081 3273 3039 2 2159 2568 1322 +552+507
0 689 193 0 0 636 4302 2403 1240 2608 4593 3012 523 1128 696 877 +487+505
0 727 637 0 0 911 4273 2190 1101 1494 3816 2381 484 982 938 929 +580+535
632 1231 129 1132 190 2751 4447 2409 1635 1988 3596 1564 0 785 259 386 +550+430
82 799 732 451 81 3092 4298 2175 1587 1925 2957 1113 5 934 0 318 +484+446
0 1013 1566 766 642 2568 3631 2705 940 2285 3892 759 0 219 236 403 +560+465
0 428 523 670 0 1888 4817 1837 1194 591 2303 2398 91 894 729 809 +524+420
265 1100 1362 0 862 3577 3434 1637 0 496 3025 993 0 0 1102 0 +651+401
265 956 1222 0 694 3216 2754 1421 0 759 2517 775 0 0 981 0 +616+354
187 939 608 0 1086 3714 2035 1259 0 2423 1326 0 0 922 0 0 +616+351
429 905 1182 0 607 3689 2644 1084 0 1770 1817 490 0 772 83 0 +636+374
334 985 661 0 1118 4643 1898 1349 0 2442 1645 0 0 829 0 0 +595+354
0 0 0 0 34 668 812 747 188 1338 1679 248 0 281 37 0 +301+258
671 975 1003 0 1493 4858 2211 1584 0 1931 1998 605 0 959 32 0 +633+399
511 1071 948 0 1010 5354 2203 1348 0 2288 1811 506 0 987 0 0 +648+388
0 912 984 0 0 4802 3114 1738 0 703 2494 557 0 23 945 0 +573+446
218 856 1075 0 651 4016 2901 1248 0 1783 1729 737 0 771 7 0 +606+358
382 798 1062 0 610 3950 2384 1026 0 1237 2129 896 0 208 680 0 +626+329
343 828 814 0 829 3884 1946 1044 0 1861 1870 1027 0 679 245 0 +611+337
0 0 1499 2557 0 2485 7315 1615 725 8759 3700 0 2098 104 0 0 +1019+476
0 0 1700 2840 4 2514 7658 1589 2044 7997 4073 0 62 1941 0 0 +949+481
0 302 4040 989 524 5800 7038 1396 2444 6827 625 0 1450 759 0 0 +1040+436
0 0 960 2498 0 2510 9377 1612 2874 8052 2711 0 2050 428 0 0 +1114+489
0 0 2612 559 0 1508 8048 2782 1806 10998 3018 0 1151 1019 0 0 +1015+510
0 0 1764 1317 0 1182 7257 2038 2872 9888 3986 0 0 1924 0 0 +891+508
0 0 1982 2836 511 3278 7255 1034 1969 8590 2708 0 1998 42 0 0 +958+487
0 14 3415 1628 210 3287 6747 945 1834 8018 2748 0 0 1652 0 0 +844+516
0 0 2248 420 0 1232 6734 2902 2650 9685 5014 0 0 1948 0 0 +934+523
0 0 969 2259 0 1356 7022 2563 1945 9292 5469 0 528 1608 0 0 +945+516
0 0 213 2709 0 353 6289 3813 1258 8403 7480 0 0 2161 0 0 +903+522
0 0 1555 1241 0 1664 6483 2582 3272 8736 5129 0 0 1842 0 0 +869+518
0 1096 2818 450 967 4882 5431 0 5 1804 5484 1799 0 0 3221 27 +713+433
0 949 1858 1780 773 3415 4636 1609 372 2426 6611 1545 0 769 3017 0 +732+365
0 220 1932 672 549 2886 4454 24 628 1659 5677 1032 15 149 2313 0 +599+352
0 0 1079 375 506 2638 5363 2178 188 1926 5269 2549 0 214 1980 62 +670+327
0 798 2749 852 1025 4419 3761 0 753 3432 4824 970 180 1144 2039 0 +664+391
0 0 923 614 0 1172 4272 1641 1057 4381 5886 196 0 1444 4376 311 +695+349
0 38 1393 0 510 4628 4586 1185 782 5442 3806 473 500 1512 3471 70 +686+393
0 0 1988 0 0 1439 5889 886 1230 3866 7150 0 0 1750 4128 527 +794+379
0 0 1170 0 122 1872 5101 1508 724 2667 5367 918 429 709 3039 192 +673+324
0 1253 2428 144 809 4898 3946 0 629 2533 4989 1426 36 49 2717 203 +663+368
0 0 1301 0 445 3238 5798 401 322 2432 6677 1359 155 120 1893 689 +649+335
0 1010 2075 428 303 4482 2759 0 1162 3107 3791 1124 6 456 1923 0 +572+355
513 2411 1777 0 0 1061 3557 920 70 1943 3299 104 0 1187 1493 0 +989+336
376 1836 1184 0 150 1772 3970 753 70 1551 3505 0 34 1015 1485 0 +1015+314
275 1352 1772 21 0 1759 4019 602 0 796 3688 0 0 808 2420 0 +945+311
428 1593 1444 0 0 1658 4179 701 161 1533 2773 0 0 1266 1763 0 +940+342
449 2477 2266 0 0 792 3745 691 0 1113 3176 0 0 368 2364 0 +1009+333
400 1442 1573 0 11 1934 3725 482 15 849 3705 376 0 627 2390 0 +975+337
546 1594 1054 0 0 2520 3623 466 0 878 3738 0 0 775 1935 0 +922+370
255 1410 1408 0 0 1721 4069 788 44 961 3888 0 0 857 2242 0 +1012+301
414 1442 1375 0 47 1846 3846 757 0 1129 3470 53 0 480 2974 0 +996+345
422 1313 1264 0 165 1860 3874 709 0 1035 3100 13 0 393 2524 0 +985+339
371 1424 2022 48 0 1631 4555 500 0 780 3330 235 0 426 2641 0 +1016+331
507 2002 1165 0 176 1968 4049 770 0 955 4478 0 0 682 2121 0 +944+362
0 1129 0 0 1614 3195 5643 2256 1949 609 6858 1587 1013 1436 3604 0 +834+495
0 1227 0 0 1765 2789 4149 2939 1961 634 5567 2144 243 2080 3358 0 +817+380
0 1295 0 357 1850 2339 3639 3674 2189 847 6594 1422 640 2094 2301 0 +924+345
0 1138 91 0 1067 2264 2391 1728 2003 727 6358 1988 1289 1703 3619 0 +851+443
0 1060 353 102 276 4129 5339 1925 2239 1726 6983 0 1637 1240 1067 0 +950+370
0 823 0 0 211 3092 2674 2020 1708 1051 6210 1107 974 2616 1482 0 +714+364
0 782 0 49 1100 3117 4596 1336 1686 353 5750 983 1255 1490 3048 0 +674+470
0 1013 0 79 1072 2296 2976 3151 1780 367 5802 1205 969 1448 1666 0 +781+366
0 852 0 183 1071 2491 3714 2798 1668 321 5858 854 918 1474 1654 0 +693+393
0 1082 116 0 1204 2851 4102 2086 1962 699 6871 718 1163 1560 1967 0 +810+432
0 733 469 0 702 2906 3048 2108 2095 1018 5776 2552 643 1585 2954 24 +862+354
0 661 0 0 463 2429 2021 1659 1400 1587 4660 1216 980 1778 3180 0 +611+328
0 0 5102 3760 384 8308 16883 4872 3136 10626 8453 0 1234 152 0 0 +942+708
0 547 4999 4241 27 8231 12942 2470 4807 13965 5936 1 1794 3545 0 0 +931+665
0 0 1292 0 0 5234 14393 6404 3052 10244 9783 262 0 877 0 0 +1138+568
0 0 2852 2091 0 4194 13152 3933 1942 10795 11420 989 1667 3907 1650 0 +797+656
0 130 4015 3248 30 6561 16717 3045 2387 12947 10284 700 996 1020 0 0 +919+658
0 8 4357 2989 0 7113 13345 3192 1708 14544 10833 378 985 6021 1159 0 +823+664
0 0 3171 2172 0 6191 14451 1047 3044 10330 8427 0 816 3147 1233 0 +788+684
0 260 4481 2992 51 6426 13170 3553 3302 12170 9678 172 1565 2489 802 0 +884+639
0 174 2507 4000 0 3333 9992 5128 2441 8820 7913 446 0 2493 1038 0 +842+546
0 0 2274 862 0 3919 12736 1670 2509 10494 9804 157 1006 3761 991 0 +716+635
0 266 3320 2543 0 6758 12695 3322 1992 11596 9730 412 1691 3314 2193 0 +834+649
0 2181 9089 1004 788 16401 11751 765 3369 5108 2564 0 814 0 0 0 +959+745
0 878 2267 4096 0 5220 9261 989 2156 9961 2900 0 1894 3202 0 0 +1094+363
0 0 3048 4448 0 400 12610 1725 0 5820 7226 0 49 5105 646 0 +1142+404
0 155 2020 3225 0 6589 8223 743 1805 8535 1924 0 2342 2748 0 0 +1093+274
0 575 3707 5449 0 8017 10601 306 3197 11481 1713 0 3046 1541 0 0 +1267+423
0 781 1922 2710 0 5101 9037 1015 1295 9574 3955 0 2087 3411 0 0 +1106+322
0 540 3058 4509 0 4287 11483 987 771 7184 4612 0 545 2988 0 0 +1177+275
0 108 2478 4886 0 5716 10538 1390 2517 12697 2804 0 2507 1062 0 0 +1210+387
0 687 2928 3943 0 5453 8440 891 1405 10148 2213 0 2037 3973 0 0 +1003+355
0 0 1178 3678 0 3998 10244 744 1529 11548 3348 0 2809 3758 0 0 +1217+378
0 625 4549 4708 0 7509 9018 230 1283 11613 1033 0 2761 1886 0 0 +1173+424
0 434 2302 4795 0 4355 9244 997 272 11645 1875 0 2012 2240 0 0 +1085+353
0 0 1760 4943 0 5936 11300 585 1570 13454 2153 0 2146 2820 0 0 +1300+339
0 233 3400 2916 2441 2948 7513 3678 0 3310 8669 0 0 1690 1021 0 +1219+865
0 1645 5125 3448 2955 5622 7683 8322 0 2557 6603 2075 0 0 2120 0 +1565+889
0 1037 3943 6383 1009 5955 9388 9341 455 1097 8774 688 0 0 3361 0 +1433+1008
0 777 2936 4135 3544 6871 12270 536 2277 2818 9105 0 0 2045 982 0 +1477+1028
593 3087 5840 4320 1367 7158 7825 4715 1697 2297 4946 0 0 0 2559 0 +1411+845
0 1352 3758 4410 4866 6779 14024 3788 2757 5789 9218 0 0 2267 706 0 +1688+971
0 908 6425 6512 2492 9134 14170 0 1165 3768 7985 0 0 0 3368 0 +1621+1100
0 1378 4546 9146 4816 5890 13196 3340 0 915 6213 0 0 757 2149 0 +1666+933
0 2215 6382 9163 7267 8020 10901 346 0 5175 0 199 2322 1506 0 0 +1813+904
0 106 3329 4652 3956 5421 9760 4467 3096 2272 5866 0 0 1890 1803 0 +1428+1023
0 135 3519 4081 3234 8012 9859 645 3211 7150 4737 0 0 2998 0 0 +1420+977
0 0 0 5570 1252 4527 13023 2963 2588 6296 7342 0 695 4530 0 0 +1592+999
2086 3703 1414 1538 1191 5469 4907 2889 0 2735 4633 270 0 2113 2379 0 +742+421
2049 5958 2068 1492 203 4788 5504 3144 0 3291 6605 0 0 0 170 0 +947+414
693 6271 4923 229 0 1362 6968 3609 0 896 8859 54 0 0 1049 0 +975+359
3147 4933 2107 0 355 5810 5855 0 0 4557 4554 0 74 3067 306 0 +814+475
1400 5835 3389 869 0 1817 6438 3821 0 1049 8117 0 0 673 227 0 +1003+342
1693 6389 4681 3305 0 1758 9119 1320 0 1168 8191 0 0 0 776 0 +1102+363
2320 4786 1693 2790 93 6227 8978 824 0 7209 3100 0 43 1290 13 0 +1150+425
832 5109 5054 80 0 1255 6623 2581 0 1900 7986 12 0 1485 314 0 +1055+320
374 5376 6789 3476 0 571 11076 2974 0 1434 6695 286 0 8 881 0 +1268+320
1374 5950 3961 3228 0 933 9215 2909 0 704 8780 0 0 0 986 0 +1186+365
1240 6419 5544 4173 0 1429 8647 2855 0 660 8551 0 0 0 641 0 +1160+344
712 4819 5880 2175 0 905 7367 4115 0 387 8183 1491 0 0 874 0 +1108+320
53 7339 5651 3646 1394 6328 4603 125 191 7331 0 0 2257 1079 0 0 +1294+564
1652 7274 4990 3157 590 6080 3221 2 0 6584 0 0 2010 809 0 0 +1277+540
1323 7603 5912 3480 1237 5386 4471 144 103 7875 0 0 3305 1071 0 0 +1239+573
0 5217 2407 1403 1297 8277 7220 1181 1409 6170 0 0 3987 9 0 0 +1269+616
432 7517 7738 3128 1659 8663 3166 345 1041 5239 0 0 4693 535 0 0 +1154+557
542 8432 6640 4204 1498 7044 2956 0 1117 5474 0 0 3292 348 0 0 +1200+604
0 5674 2758 1628 1175 715 750 39 0 0 0 0 0 39 0 0 +1051+641
136 7573 6649 3549 2749 9614 3731 537 2761 4319 0 0 5125 0 0 0 +1253+659
795 7712 4067 3814 1617 9974 3700 892 3770 2901 0 0 4461 0 0 0 +1279+604
0 3922 5074 2618 0 6555 11044 2578 0 7574 0 0 912 2331 0 0 +1222+718
1863 7305 4212 3662 1401 4404 3712 709 0 1753 0 0 526 0 0 0 +1274+636
2038 8719 8732 4388 1422 9513 2181 29 1416 5970 0 0 4929 0 0 0 +1259+642
1493 4503 4821 4356 1738 4775 11978 3282 3478 6850 9919 0 1195 3806 2244 0 +1218+588
0 3927 4918 4956 742 4974 10761 7030 1583 6655 12018 184 1303 5051 22 0 +1385+601
0 2468 1970 1834 651 4074 14336 7335 2500 9936 11521 0 0 5331 243 0 +1502+569
0 2243 4585 4119 589 4561 11704 2554 56 7934 10601 0 2341 6916 494 0 +1175+589
785 3378 3566 4395 0 587 7294 8221 116 6445 15353 1429 1739 7033 4259 0 +1200+569
1154 3425 4464 4813 1088 4490 11983 3453 2749 10154 9806 0 170 5582 0 0 +1275+562
0 3523 3557 2490 1759 4596 12047 4687 1216 6628 11831 1777 1732 6085 2509 0 +1177+611
0 2318 4378 3794 82 1735 8403 7386 1623 7160 13534 758 1209 6313 2495 0 +1185+559
1596 3033 2525 1570 154 2462 11365 4916 2795 9203 12195 751 792 6582 2258 0 +1265+621
938 4649 4126 1220 2240 3524 9930 3777 2856 9629 10327 1845 7 7620 496 0 +1341+639
0 3465 4502 3138 2027 4488 10437 5229 920 10687 10256 0 1805 3258 0 0 +1328+571
0 4203 4808 5512 794 3262 9260 7404 2077 1823 13151 3668 570 3892 6232 0 +1207+642
0 0 3056 4662 253 2487 6464 6165 2472 2113 2644 527 1475 0 1810 0 +1010+542
0 558 3121 5351 1765 1910 6364 5956 2588 1577 3265 112 951 755 1477 0 +1127+448
404 1540 4730 5528 4611 3588 4773 7727 1629 1848 1179 3862 0 0 0 1410 +1444+479
808 4859 3607 2567 3293 1092 7324 4500 2870 1823 4711 2400 1842 849 1071 0 +1096+436
0 2667 4554 3613 1885 1520 6842 3730 2493 1129 2351 1967 2092 1345 0 386 +1069+466
667 1974 3013 5523 2834 2063 7001 5812 2871 1159 2648 3109 1239 1323 0 1470 +1131+518
0 1472 3414 4718 2162 2313 5313 5696 2607 2533 3133 3055 1380 1227 804 779 +1055+501
1218 3371 4086 3904 2265 3336 6178 5573 1051 4068 3220 2465 0 1970 2090 23 +1185+441
0 3105 5004 4924 7 6016 6602 6711 15 2751 3240 2501 0 0 0 239 +1323+662
0 333 4325 5056 609 3760 7999 4518 3048 2508 264 2726 2412 206 701 885 +1230+539
0 972 4036 3954 0 3203 7405 5335 1807 3384 899 2905 2236 398 0 2097 +1180+507
0 1960 4815 4788 2535 2210 7047 4113 2523 1914 0 3024 0 0 0 2521 +1242+556
182 2539 2327 1168 2275 4807 11954 3047 363 9237 10149 3730 0 2938 3656 115 +1235+465
0 2662 4519 0 2797 8844 12018 1845 3429 8299 9242 2807 221 4023 3661 0 +1317+460
0 3528 4558 1115 3528 7594 12263 0 1821 10240 9916 2738 0 1466 4186 0 +1448+448
0 2463 3717 2053 1798 7372 9225 612 4280 8858 10934 3885 559 2821 4003 0 +1289+470
197 4064 4278 1880 2478 10354 12067 2847 1074 11529 8946 2040 81 3027 3432 0 +1424+492
0 1839 3617 1368 2332 5599 8725 687 97 6087 8026 388 0 1454 3283 0 +1343+470
150 4207 5068 2659 3175 7559 15347 394 0 11338 12292 3703 0 1631 4204 0 +1427+500
135 3713 4533 4592 2282 9716 15443 1643 1515 7965 12998 4090 0 1265 5467 0 +1492+516
662 4391 4822 0 3599 11408 17561 1885 0 8178 11971 2613 0 108 4921 0 +1593+504
0 1685 3267 0 1619 8267 9107 0 3703 9267 4278 0 0 3587 858 0 +1364+541
940 5421 6724 2242 5302 9637 17407 2005 4199 6772 7817 2446 0 3176 4378 0 +1626+499
0 3491 5034 0 2575 11194 19351 1984 1881 7566 11124 3239 0 813 6910 138 +1488+548
1061 2333 4150 1386 303 2383 4953 0 44 3968 2076 0 1834 6136 1229 0 +1155+479
881 1970 2862 1179 824 2156 4572 0 343 3102 1916 0 1213 6127 2626 0 +1133+423
998 2345 3273 832 99 2838 3679 0 0 3397 2415 0 906 4908 2802 0 +1154+442
473 2129 4501 931 0 1591 3507 0 0 3102 3121 0 1221 5687 2221 0 +1054+471
916 2547 3131 1239 139 2446 5186 0 0 2424 3065 0 593 4472 4610 0 +1172+439
1258 2464 2878 985 420 2370 4642 0 0 2553 2701 0 975 5394 3661 0 +1196+441
582 2211 2871 1557 434 3033 5349 0 493 3660 1682 0 2327 7169 1143 0 +1256+503
1390 2828 3542 828 556 3099 3493 0 52 3693 1485 0 1340 6560 825 0 +1152+465
837 2301 3472 837 117 2313 4252 0 293 4844 2636 0 1603 6560 1648 0 +1213+473
267 2583 3215 1406 2 2395 5030 0 0 3755 2481 0 1412 7599 1657 0 +1238+553
280 2540 3868 1013 0 1603 4608 0 0 2527 3744 0 880 4766 4208 0 +1180+549
852 2665 3314 1141 101 3557 3966 0 173 5435 854 0 1708 7147 254 0 +1297+533
0 0 706 3720 1986 10707 13747 1659 177 6869 2580 0 0 966 0 0 +1268+736
1550 3248 4123 5043 2865 12515 12248 163 0 6405 687 0 1709 163 0 0 +1514+792
0 288 2830 6049 3184 18034 16384 1795 779 9114 584 0 2037 19 0 0 +1727+812
0 338 2747 5662 4393 16314 14260 1120 0 7972 791 0 1061 570 0 0 +1447+792
1774 3670 5050 5727 1270 16078 13549 1169 352 7322 819 0 1913 65 0 0 +1380+824
1302 2643 4007 6117 758 11556 13044 2331 558 7410 641 0 1472 8 0 0 +1384+730
1577 3098 4380 7088 2149 13891 12910 1076 668 6712 452 0 1564 167 0 0 +1445+710
0 0 498 4076 4817 14378 15172 1221 624 9685 1758 0 387 787 0 0 +1278+855
304 3523 5125 7556 0 8440 16817 1507 0 4625 2431 0 0 952 0 0 +1255+817
100 0 948 4410 893 9947 18598 6404 0 6618 2622 0 885 1084 0 0 +1500+846
3914 6017 6801 9105 1207 13154 12416 1590 0 4714 0 0 2294 163 0 0 +1513+729
1648 3120 4346 8083 2299 9480 17941 4601 0 6836 3612 0 0 949 0 0 +1416+817
0 3865 5891 0 0 7426 20659 2051 0 4243 12607 3474 0 2978 3284 363 +1610+735
0 926 5101 2513 603 8111 14255 6763 0 3749 9908 1319 0 2002 3515 0 +1560+735
0 2602 4975 3163 447 7438 16398 4279 0 3772 12074 812 0 3805 1381 0 +1610+735
0 4485 4542 0 2458 11088 14666 2836 0 5112 10509 1096 0 3144 3491 0 +1610+735
213 3969 5255 0 3464 11673 14447 0 3496 4165 8443 639 0 5590 1952 0 +1710+735
0 3716 5052 0 1583 10600 18411 31 0 4528 11734 3072 0 3366 5516 190 +1610+735
0 2678 4731 0 1213 11166 15930 99 0 5448 9476 2045 0 2962 3761 0 +1560+735
19 3580 5073 0 463 10202 16170 988 0 4988 9823 1114 0 3474 6228 0 +1660+735
0 845 10419 0 811 9951 15809 254 0 4596 11424 133 0 2494 6917 0 +1660+735
0 3570 3461 0 3308 12343 8712 0 2911 11249 6439 598 0 6948 2527 532 +1490+685
422 4822 3087 0 5873 9358 12290 838 2106 4802 11319 2848 0 3396 4446 0 +1740+735
375 3231 4922 0 611 14474 13308 0 0 6951 10022 0 0 2753 3304 0 +1610+735
0 4993 3073 1814 0 3075 12120 5566 2585 12713 11342 52 422 2779 1101 0 +1460+558
0 4188 3100 857 0 4323 14670 2241 1504 15536 9482 0 2897 8154 1195 0 +1481+630
0 3408 1367 3276 0 2968 12834 4602 1191 12224 11503 1142 5483 5764 897 275 +1548+521
0 3706 1762 2386 0 2821 11996 4912 1795 11666 14296 0 827 4928 1328 0 +1420+532
0 3630 1796 2630 0 2317 12249 6171 1443 8516 13303 2985 1793 7117 1037 0 +1441+549
0 3902 2106 3558 0 2195 11659 6933 190 12966 16586 2464 4281 10427 2691 121 +1589+546
0 2365 32 3378 0 3943 11472 8644 307 11649 13613 859 2754 10404 3756 273 +1490+643
0 3212 2442 3302 0 2780 11186 7220 0 6124 17288 1973 799 9372 4393 286 +1451+600
0 2493 7 3073 0 4040 10529 4839 388 6969 15297 928 1675 9136 7167 182 +1510+549
0 3754 2307 3360 0 2618 10861 2718 556 9719 14337 0 2053 13153 4296 16 +1456+572
0 2567 5246 1513 0 4061 15410 1847 367 12045 8569 0 2133 12310 2540 5 +1413+551
0 3406 5514 4741 0 1114 11240 6275 122 8820 17693 971 1370 7470 4223 202 +1476+538
0 2074 3240 5371 364 10782 10803 1197 0 4829 1357 0 1265 1095 0 0 +1066+549
0 799 1719 5145 144 12270 10910 1867 1626 4291 2130 0 2038 668 0 0 +1138+552
0 928 2263 3017 72 11356 9893 203 3 4861 679 0 1692 737 0 0 +1199+587
0 0 1585 4051 95 14962 8275 549 1697 4293 488 0 732 568 0 0 +1272+608
0 0 117 2480 871 10503 8450 0 3860 7645 704 0 1532 843 0 0 +1227+578
0 1248 3117 3863 0 11211 7418 5 493 4868 0 0 1514 16 0 0 +1298+526
0 318 2456 3515 0 13440 11714 332 350 7710 558 0 2379 966 40 0 +1309+604
182 3024 3563 4632 3564 14148 8261 452 1256 5605 178 0 1034 298 0 0 +1490+559
0 0 1413 5324 0 13971 11378 636 441 6664 576 0 1223 1121 0 0 +1395+544
0 300 2259 5136 823 17308 8959 460 2691 5586 233 0 902 332 0 0 +1362+621
0 416 3750 3680 230 15231 9584 0 2475 4579 0 0 1472 0 0 0 +1422+621
0 165 2938 3954 2608 17942 9101 73 2108 4235 0 0 845 39 0 0 +1372+616
460 1474 4347 2905 1477 65 4822 1950 0 1578 5914 6592 0 148 2526 4024 +1295+577
35 1485 3999 2723 1752 705 5015 2405 0 3271 5832 5626 0 217 4434 1887 +1113+573
273 1581 5036 2277 1402 1575 5910 0 222 4938 10388 0 0 753 5288 0 +1282+571
649 1561 4502 2059 1029 1008 4994 0 0 4318 9002 0 0 780 5028 0 +1102+593
1251 1428 4599 2181 0 875 4215 382 7 3755 8790 0 0 809 5271 0 +1160+518
0 403 4101 2420 1770 1176 4904 1169 0 2459 4875 4917 0 247 3003 2877 +1050+556
722 1577 4309 2451 1079 886 6480 642 0 2874 7189 611 0 799 6526 0 +1050+633
0 2402 4278 1931 1096 1768 5341 0 111 4866 7837 0 0 706 7488 0 +1134+590
121 2672 3442 1747 1057 966 5590 0 135 4782 7872 63 0 967 5724 0 +1161+526
790 1912 4684 2266 575 1761 5073 0 2897 4321 4260 0 0 3826 4670 0 +1140+610
507 1387 4106 2192 463 1390 6115 326 0 2763 5014 4299 0 460 4610 3441 +1054+572
0 1696 4066 2100 1022 1814 6532 193 0 4733 6171 2364 57 1515 6117 1438 +1130+565
0 1200 2048 4578 0 7374 14791 4909 0 4855 14765 848 921 5788 4138 0 +1342+499
3 861 1972 3662 1875 7973 10771 3486 127 6722 10658 755 703 5445 4306 0 +1319+428
1188 4004 6262 2148 843 5213 8367 3981 0 3165 10297 480 384 1887 6029 0 +1061+428
854 4890 4917 453 197 5642 8289 4459 313 3912 9601 997 528 4473 4080 0 +1181+375
386 4936 7184 1224 0 5768 12401 1702 0 1230 11130 0 1082 4358 2495 0 +1114+426
0 3188 5964 3378 291 6486 9919 4463 0 3003 11682 227 1127 2858 5425 0 +1108+443
684 3918 5270 2180 7 5216 10536 3867 0 2791 10195 2892 684 2893 6466 314 +1139+407
1213 3614 4573 689 1017 5657 9527 1317 0 4770 8160 0 352 4539 2289 0 +973+397
838 3186 5737 178 368 6487 10592 2676 0 5106 11291 0 1302 3309 5380 0 +1092+420
2115 3948 6468 3356 1609 6117 9636 1840 599 6820 8480 0 605 2539 136 0 +1348+318
166 3028 2770 3575 0 5545 7465 6202 0 2582 9956 2446 629 3607 6913 0 +1041+406
1226 4707 8010 0 739 5702 12169 1414 213 6997 8452 0 0 3620 943 0 +1312+383
0 2272 1837 1081 1976 6046 5759 2707 0 2757 6081 158 2385 4319 936 0 +1105+523
0 1497 2579 431 2162 4531 8222 2397 129 2544 7578 2144 0 2129 2671 0 +1099+588
0 1743 2725 0 1759 4144 9162 4437 218 3726 4166 77 7 3830 1117 0 +1122+533
112 0 2040 1636 2688 5597 5373 4957 0 1672 8295 1877 0 3414 3630 0 +1118+604
0 1463 1885 1122 2417 6428 6969 3073 366 1678 6999 218 1879 4016 1521 0 +1078+570
465 3420 3931 1291 2093 4382 6089 2603 0 3718 6583 1853 0 3934 833 0 +1075+605
1064 1450 5311 1684 1575 3091 8265 1691 909 1955 3733 627 150 4129 4 0 +968+575
569 2668 3559 1105 1343 3407 6314 2284 30 3325 4784 1371 1551 3914 267 0 +1006+522
0 1035 2066 1559 2114 4548 8073 3458 124 2576 7184 871 1258 3974 506 0 +1118+564
1 2929 3182 0 911 3499 6048 3279 15 1644 7745 1752 0 3586 2344 0 +984+610
0 2239 2308 0 2488 6235 6182 3078 87 2928 7303 494 0 3864 2551 0 +1126+614
0 2421 1551 1478 2395 6514 6107 3986 449 3694 6947 1160 755 3633 3666 0 +1122+564
0 0 154 638 1088 3982 7501 2438 1077 4355 8073 2540 0 0 138 912 +471+594
1034 5632 2364 35 2072 6961 6753 2160 45 3427 6615 1373 0 0 856 1048 +463+623
0 1438 1092 0 1630 7109 6930 3023 628 3857 8766 1453 0 0 1224 1665 +493+608
0 2163 1623 0 2303 6395 7695 2298 328 3790 7770 1975 0 0 1547 538 +515+679
0 700 946 0 2296 7078 8683 2144 273 4377 9176 1571 0 0 2073 1495 +555+648
0 1178 2 920 2110 8378 7448 2082 501 5692 9564 1333 0 0 1667 1884 +527+669
1170 4553 2665 1119 1052 4586 6553 1032 0 1755 5937 1829 0 0 257 825 +400+588
0 1436 180 0 2161 7274 8049 3359 135 3152 8626 2557 0 0 1086 1442 +555+622
0 655 170 1119 2795 9625 7254 1463 744 4302 11994 1668 0 0 1848 2480 +547+697
354 1813 716 0 2043 7755 7034 1721 33 4377 7292 1176 0 0 1401 994 +481+605
314 2394 52 0 2127 6639 8138 2670 191 3192 10692 2204 0 0 1506 2262 +590+622
0 1524 1640 0 1925 6848 9672 3090 946 3136 11361 1954 0 0 685 2870 +590+675
59 1533 9395 5118 345 6253 12995 1233 0 5910 1339 0 0 2311 0 0 +1375+492
0 508 5189 5113 793 4922 15426 1915 1876 6807 4911 583 0 2787 0 0 +1263+476
0 455 4009 4565 986 6456 10619 1486 3875 11033 3559 0 456 2401 0 0 +1310+507
0 698 7341 3834 694 6153 12959 718 689 7723 5155 502 0 2883 0 0 +1342+472
0 381 8095 3782 359 6216 11165 364 1048 7082 6726 551 0 257 2035 0 +1258+507
0 370 4853 5932 558 6423 13144 1252 1075 6480 6156 0 118 2541 71 0 +1406+510
0 1411 9849 2080 536 8013 9936 331 476 10371 2301 337 0 2613 0 0 +1204+480
0 1376 10339 2919 566 5712 11388 439 504 5656 6355 741 0 794 1630 0 +1222+508
0 99 7751 6256 0 2414 15393 1150 0 3913 7793 898 0 276 2381 0 +1296+632
0 1437 10880 2909 503 8139 12945 1617 210 8860 1361 0 0 2700 0 0 +1476+472
0 1254 5707 5303 726 8907 13892 1166 2347 10154 4689 4 100 2997 0 0 +1448+476
0 995 5403 6233 1824 7697 15673 1563 3295 8641 4068 190 0 1799 0 0 +1560+470
1555 5262 2488 0 181 6447 385 0 106 5963 2730 1177 70 5257 2159 1579 +1050+325
1038 4146 3257 1172 0 3665 3321 247 0 3191 3311 169 0 3959 4449 2549 +1085+303
2314 5222 3144 0 30 6068 870 0 0 5437 2803 590 0 5232 3921 1045 +1156+368
1645 3881 3155 418 118 4433 2168 0 0 3432 3238 39 0 3406 5003 2583 +1067+302
867 4700 4575 1566 0 3567 2639 0 0 6279 6801 1711 0 1662 1364 0 +1259+316
407 4908 3557 1411 0 3757 2562 0 153 4911 2526 523 340 3181 4587 720 +1175+285
66 4817 4252 1699 41 4405 2203 0 169 5806 2658 308 448 5609 2982 1007 +1080+301
268 5955 3349 452 57 5575 370 0 186 6627 4121 1969 290 2005 2290 269 +1232+283
665 5151 3481 1247 0 5573 1320 0 211 5408 1823 866 204 4165 5026 1357 +1112+297
314 4673 3901 1279 160 5678 717 0 246 5497 765 628 372 4988 5213 2220 +1169+321
1136 4447 3292 1697 22 4694 1417 0 33 4563 2346 360 168 4563 5165 1608 +1095+309
1399 4563 4710 1397 0 5044 2679 0 48 3483 5824 1939 0 2871 5032 863 +1249+296
