551 672 1404 4456 5305 2750 5644 8298 8928 1785 878 1437 4281 8700 0 0 0 6100 3034 0 0 519 3402 680 0 +1360+508
0 0 0 4460 4923 2912 5645 9149 7624 3897 3237 2148 4776 9682 7 513 1703 5531 4719 0 0 6 2729 846 0 +1363+497
230 619 135 5119 4542 3020 4665 11162 9119 514 1703 3012 6306 9741 0 0 0 4527 2683 0 0 0 2189 0 0 +1515+519
0 0 0 116 1957 2423 7795 7369 13506 2189 5397 3128 9985 8890 0 262 1192 9257 2820 0 0 2345 2177 0 0 +1607+566
208 1659 918 1743 3596 2675 6248 7155 3810 2042 3425 2520 2265 4016 231 1267 661 196 2706 0 0 0 290 0 0 +1289+526
407 1099 242 4666 5783 4149 5927 10084 8637 3854 3011 3550 4889 8457 70 0 56 6555 7165 0 0 0 2914 2609 0 +1407+528
72 2723 941 4227 4967 5253 6871 7558 12547 1259 1875 516 7945 6844 0 0 993 10554 1156 0 0 169 2213 0 0 +1558+586
0 0 0 214 1860 2297 7598 4623 4981 2786 2598 4301 3526 662 0 1316 1023 229 593 0 0 0 0 0 0 +1401+533
0 840 1870 8590 1693 1893 13458 11967 12520 186 1498 4578 7879 8147 0 0 3545 4778 4457 0 0 23 39 3287 0 +1742+586
434 2020 0 2921 4989 4570 8329 7973 8447 167 3548 1668 7064 2061 0 0 772 5112 0 0 0 979 0 0 0 +1395+585
0 223 0 3872 3752 2632 8584 9307 10456 2040 3103 4166 8153 7785 0 1443 501 7999 4456 0 0 1884 2281 2545 0 +1389+553
69 1304 306 7254 3387 3658 7553 11643 10691 0 3343 3736 8175 5889 0 0 0 7728 8389 0 0 0 2263 3104 0 +1511+551
0 875 970 1227 3168 1594 335 324 3671 5592 1613 0 0 1778 3451 616 1448 1316 3241 2833 0 265 0 604 1710 +922+805
0 362 1516 1185 1502 2188 2646 1541 2028 12582 2062 911 0 1430 10705 0 1656 1512 1823 3876 0 0 0 0 2839 +1327+967
0 61 813 904 3777 1705 1897 1441 2224 8556 2044 0 0 4262 5559 1032 1500 1284 2153 2571 0 0 0 850 1859 +1214+858
0 0 0 711 1373 89 3118 2848 3319 7456 2111 51 0 3067 6610 1665 1205 314 3809 4316 0 498 1065 0 2060 +1134+915
0 0 307 1038 1530 1656 2290 2136 2941 11257 2320 0 0 5819 5968 729 1575 1260 1325 3389 0 0 0 97 1961 +1249+911
0 0 0 0 1496 536 1254 1446 3167 6391 2526 909 900 1744 9163 1479 1719 772 4919 6227 0 349 536 0 2529 +1245+909
0 0 0 625 2569 2124 2893 2835 7875 9912 3065 0 0 4829 7765 453 1943 1244 1260 4796 0 0 0 0 2783 +1645+900
0 0 0 0 1580 1550 2445 2412 2980 10839 2963 0 0 1875 11175 388 2016 1443 1662 5934 0 0 0 0 2638 +1536+895
0 0 0 0 1998 1282 2589 2620 4895 7073 3499 118 0 1721 13054 0 2016 1477 1354 5630 0 0 0 0 3740 +1593+804
0 7 1102 1134 3148 2105 2760 1455 2804 11438 2398 0 0 4722 7520 959 2259 1327 1763 3103 0 0 0 0 3195 +1316+819
0 0 0 0 916 169 1807 2533 3625 8244 2847 852 0 4087 6532 2188 0 0 4772 3628 88 1824 1391 903 3086 +1226+875
0 0 1054 1099 2639 1951 3327 1970 1884 10309 3234 0 0 2270 11681 1917 1870 546 1899 6654 0 426 1009 0 2508 +1436+869
0 0 0 1049 1964 0 646 2471 3348 1419 0 657 3357 1262 0 0 2053 0 0 0 519 108 0 0 0 +878+457
0 0 0 75 2287 0 119 2467 5027 360 0 1092 3941 1454 0 21 2348 0 0 0 845 42 0 0 0 +951+540
0 0 0 625 2139 0 633 3338 1799 1373 200 2833 1866 2020 0 279 1745 0 0 0 572 0 0 0 0 +870+567
0 0 0 0 0 0 1147 2878 3423 1903 0 1020 3035 52 0 117 1692 0 0 0 489 0 0 0 0 +823+556
0 0 0 809 2656 0 422 2946 3606 1137 0 1799 1656 0 0 304 2120 0 0 0 650 0 0 0 0 +1150+637
0 0 0 141 3171 0 590 2411 3583 554 0 3227 2420 0 0 485 2261 0 0 0 1081 0 0 0 0 +1109+693
0 0 0 445 1831 0 1022 3037 2491 1042 0 1050 1255 0 0 390 1636 0 0 0 630 0 0 0 0 +897+552
0 0 0 576 1364 0 202 2003 1554 1223 327 2376 2369 1960 0 249 1253 315 0 0 358 0 0 0 0 +745+513
0 0 0 323 1211 0 0 484 1867 1467 0 723 3450 373 1073 613 2682 1277 1151 0 0 357 0 0 0 +649+504
0 0 0 577 2147 0 0 1308 2139 1718 18 3754 4305 2185 0 346 1756 31 92 0 603 0 0 0 0 +883+645
0 0 0 644 2092 0 1511 4076 3463 1237 106 1544 2933 2317 0 218 1610 0 0 0 512 0 0 0 0 +863+586
0 0 1136 1854 2336 0 1556 4057 5159 988 0 1572 976 34 0 497 1697 0 0 0 531 0 0 0 0 +1029+561
531 303 257 79 0 46 2206 4014 1708 0 0 1422 3966 308 0 0 1343 4234 351 1162 0 641 2011 778 752 +706+423
383 872 824 360 0 0 1859 2988 1853 0 0 810 2814 349 0 0 1217 3370 1506 596 0 526 2507 660 640 +722+362
347 839 927 13 0 77 2448 3678 786 0 0 1375 3320 244 0 103 1534 3526 578 659 56 739 1657 636 330 +704+367
20 661 311 0 0 236 3804 4111 1611 0 0 839 3605 2422 0 2 1716 3180 1692 321 0 151 2063 985 825 +715+400
199 364 727 0 0 574 3041 3347 1727 0 451 1213 2472 805 0 0 549 3258 1949 659 0 616 1966 1301 764 +739+360
500 1581 954 469 0 0 1567 4296 2761 0 0 1566 3542 664 0 0 1256 4420 1805 1320 0 0 211 362 41 +781+414
575 968 783 254 0 0 2534 3315 2049 0 0 899 3008 2270 53 0 986 2807 1830 448 0 477 2057 790 803 +726+374
175 885 468 235 0 0 1976 3843 2528 0 0 466 3006 1325 0 227 2045 2597 1883 679 41 901 1651 847 565 +693+354
337 496 608 548 0 0 3193 3617 2128 0 0 280 3083 1378 0 0 1816 3559 1353 681 0 563 1551 655 654 +645+360
150 374 1030 380 0 278 3804 3073 2142 0 471 1012 3997 693 0 70 1571 3664 1075 375 0 592 2008 642 760 +691+368
185 983 546 9 0 608 2890 2961 1786 0 0 1636 3677 827 0 20 1781 3541 1131 463 0 1502 1406 929 663 +604+375
31 1002 440 0 0 671 2501 2788 1962 0 0 831 3641 672 0 0 1557 3482 1676 350 0 1171 1556 1087 738 +663+375
0 512 4773 1854 0 1887 5421 6375 8024 353 197 2213 4098 5969 1633 0 196 5527 3377 0 0 0 2784 1799 0 +1516+692
270 2279 5142 3105 0 1903 6048 7126 6503 5012 0 896 6050 1913 3071 0 0 3899 529 2696 0 0 1362 2482 0 +1508+572
93 1356 3937 4253 23 1130 5582 5193 6943 1762 0 275 1906 7157 1274 0 241 4449 2949 0 0 0 2411 464 0 +1456+539
0 951 3139 4 0 1362 7044 8699 5009 0 0 1306 5213 6013 823 0 1574 4668 2877 0 0 0 4616 126 0 +1592+609
0 1092 5293 1578 0 1974 5905 7421 7620 593 0 624 3175 6460 922 0 150 4145 2663 0 0 0 2507 912 0 +1374+647
0 573 3518 3535 0 1654 5004 6769 6678 2178 0 1018 4403 5264 1032 0 734 3825 3304 0 0 79 2604 2107 0 +1534+591
0 1437 3862 2154 0 1893 7079 7798 4669 435 351 1140 6024 3540 923 0 944 4154 2198 0 0 798 2899 0 0 +1538+593
0 733 2599 3551 73 1122 4252 6476 5538 2730 0 918 4291 5889 441 0 73 4384 2841 0 0 580 1841 604 0 +1503+513
0 930 3377 3351 0 458 5446 6440 8492 4441 0 84 2954 6615 894 0 298 3645 3174 0 0 0 2347 2336 0 +1529+575
0 361 2896 3542 0 1042 4462 6415 5557 299 284 1654 5099 3368 922 0 679 4402 2398 0 0 1136 1880 318 0 +1497+447
0 1036 3000 5540 0 632 3328 4798 6460 3178 0 640 4779 3727 3254 0 327 4447 2437 658 0 0 1868 2140 0 +1462+556
128 2435 4432 3500 0 1289 5857 7232 5608 482 0 1659 7186 4867 987 0 1802 3691 1714 0 0 2406 1133 0 0 +1525+592
